-54,134,hwj+/nFOLgCee2yXWzSTQEmrsS0=,1YHzTbPPxreg8h3Udc4Kzi8udwA=
-55,134,hwj+/nFOLgCee2yXWzSTQEmrsS0=,1YHzTbPPxreg8h3Udc4Kzi8udwA=
-54,133,hwj+/nFOLgCee2yXWzSTQEmrsS0=,1YHzTbPPxreg8h3Udc4Kzi8udwA=
-55,133,hwj+/nFOLgCee2yXWzSTQEmrsS0=,1YHzTbPPxreg8h3Udc4Kzi8udwA=
-55,131,hwj+/nFOLgCee2yXWzSTQEmrsS0=,IWWtSb4Q0akXemzw9OzwfCs7udQ=
-54,130,hwj+/nFOLgCee2yXWzSTQEmrsS0=,IWWtSb4Q0akXemzw9OzwfCs7udQ=
-55,130,hwj+/nFOLgCee2yXWzSTQEmrsS0=,IWWtSb4Q0akXemzw9OzwfCs7udQ=
-54,132,hwj+/nFOLgCee2yXWzSTQEmrsS0=,1YHzTbPPxreg8h3Udc4Kzi8udwA=
-54,129,hwj+/nFOLgCee2yXWzSTQEmrsS0=,IWWtSb4Q0akXemzw9OzwfCs7udQ=
-55,132,hwj+/nFOLgCee2yXWzSTQEmrsS0=,1YHzTbPPxreg8h3Udc4Kzi8udwA=
-55,129,hwj+/nFOLgCee2yXWzSTQEmrsS0=,IWWtSb4Q0akXemzw9OzwfCs7udQ=
-54,131,hwj+/nFOLgCee2yXWzSTQEmrsS0=,IWWtSb4Q0akXemzw9OzwfCs7udQ=
-53,133,hwj+/nFOLgCee2yXWzSTQEmrsS0=,1YHzTbPPxreg8h3Udc4Kzi8udwA=
-52,133,hwj+/nFOLgCee2yXWzSTQEmrsS0=,8Zdd/cSCwn7+xrt+n0WPvupPDHc=
-51,133,hwj+/nFOLgCee2yXWzSTQEmrsS0=,8Zdd/cSCwn7+xrt+n0WPvupPDHc=
-53,134,hwj+/nFOLgCee2yXWzSTQEmrsS0=,1YHzTbPPxreg8h3Udc4Kzi8udwA=
-52,134,hwj+/nFOLgCee2yXWzSTQEmrsS0=,8Zdd/cSCwn7+xrt+n0WPvupPDHc=
-50,134,hwj+/nFOLgCee2yXWzSTQEmrsS0=,8Zdd/cSCwn7+xrt+n0WPvupPDHc=
-51,134,hwj+/nFOLgCee2yXWzSTQEmrsS0=,8Zdd/cSCwn7+xrt+n0WPvupPDHc=
-50,133,hwj+/nFOLgCee2yXWzSTQEmrsS0=,8Zdd/cSCwn7+xrt+n0WPvupPDHc=
-59,129,hwj+/nFOLgCee2yXWzSTQEmrsS0=,208IDgrq+JsS7i/uH3oBvFr/hVs=
-58,130,hwj+/nFOLgCee2yXWzSTQEmrsS0=,208IDgrq+JsS7i/uH3oBvFr/hVs=
-59,130,hwj+/nFOLgCee2yXWzSTQEmrsS0=,208IDgrq+JsS7i/uH3oBvFr/hVs=
-57,130,hwj+/nFOLgCee2yXWzSTQEmrsS0=,208IDgrq+JsS7i/uH3oBvFr/hVs=
-57,129,hwj+/nFOLgCee2yXWzSTQEmrsS0=,208IDgrq+JsS7i/uH3oBvFr/hVs=
-58,129,hwj+/nFOLgCee2yXWzSTQEmrsS0=,208IDgrq+JsS7i/uH3oBvFr/hVs=
-56,129,hwj+/nFOLgCee2yXWzSTQEmrsS0=,IWWtSb4Q0akXemzw9OzwfCs7udQ=
-56,130,hwj+/nFOLgCee2yXWzSTQEmrsS0=,IWWtSb4Q0akXemzw9OzwfCs7udQ=
-52,129,hwj+/nFOLgCee2yXWzSTQEmrsS0=,gZiJR91a1FvsTE/9BzqXHDRzPNQ=
-52,132,hwj+/nFOLgCee2yXWzSTQEmrsS0=,8Zdd/cSCwn7+xrt+n0WPvupPDHc=
-50,130,hwj+/nFOLgCee2yXWzSTQEmrsS0=,gZiJR91a1FvsTE/9BzqXHDRzPNQ=
-51,132,hwj+/nFOLgCee2yXWzSTQEmrsS0=,8Zdd/cSCwn7+xrt+n0WPvupPDHc=
-50,132,hwj+/nFOLgCee2yXWzSTQEmrsS0=,8Zdd/cSCwn7+xrt+n0WPvupPDHc=
-53,130,hwj+/nFOLgCee2yXWzSTQEmrsS0=,IWWtSb4Q0akXemzw9OzwfCs7udQ=
-53,132,hwj+/nFOLgCee2yXWzSTQEmrsS0=,1YHzTbPPxreg8h3Udc4Kzi8udwA=
-50,131,hwj+/nFOLgCee2yXWzSTQEmrsS0=,gZiJR91a1FvsTE/9BzqXHDRzPNQ=
-55,137,hwj+/nFOLgCee2yXWzSTQEmrsS0=,KqYpwS/gDOZKJqExrryYSYkuXhI=
-54,137,hwj+/nFOLgCee2yXWzSTQEmrsS0=,KqYpwS/gDOZKJqExrryYSYkuXhI=
-55,138,hwj+/nFOLgCee2yXWzSTQEmrsS0=,KqYpwS/gDOZKJqExrryYSYkuXhI=
-55,136,hwj+/nFOLgCee2yXWzSTQEmrsS0=,KqYpwS/gDOZKJqExrryYSYkuXhI=
-54,138,hwj+/nFOLgCee2yXWzSTQEmrsS0=,KqYpwS/gDOZKJqExrryYSYkuXhI=
-55,135,hwj+/nFOLgCee2yXWzSTQEmrsS0=,1YHzTbPPxreg8h3Udc4Kzi8udwA=
-54,135,hwj+/nFOLgCee2yXWzSTQEmrsS0=,1YHzTbPPxreg8h3Udc4Kzi8udwA=
-54,136,hwj+/nFOLgCee2yXWzSTQEmrsS0=,KqYpwS/gDOZKJqExrryYSYkuXhI=
-56,137,hwj+/nFOLgCee2yXWzSTQEmrsS0=,KqYpwS/gDOZKJqExrryYSYkuXhI=
-56,138,hwj+/nFOLgCee2yXWzSTQEmrsS0=,KqYpwS/gDOZKJqExrryYSYkuXhI=
-51,131,hwj+/nFOLgCee2yXWzSTQEmrsS0=,gZiJR91a1FvsTE/9BzqXHDRzPNQ=
-51,130,hwj+/nFOLgCee2yXWzSTQEmrsS0=,gZiJR91a1FvsTE/9BzqXHDRzPNQ=
-52,130,hwj+/nFOLgCee2yXWzSTQEmrsS0=,gZiJR91a1FvsTE/9BzqXHDRzPNQ=
-53,131,hwj+/nFOLgCee2yXWzSTQEmrsS0=,IWWtSb4Q0akXemzw9OzwfCs7udQ=
-52,131,hwj+/nFOLgCee2yXWzSTQEmrsS0=,gZiJR91a1FvsTE/9BzqXHDRzPNQ=
-57,134,hwj+/nFOLgCee2yXWzSTQEmrsS0=,oKfDJeEHA8UtucFjQo34SRQPSRM=
-51,129,hwj+/nFOLgCee2yXWzSTQEmrsS0=,gZiJR91a1FvsTE/9BzqXHDRzPNQ=
-58,134,hwj+/nFOLgCee2yXWzSTQEmrsS0=,oKfDJeEHA8UtucFjQo34SRQPSRM=
-50,129,hwj+/nFOLgCee2yXWzSTQEmrsS0=,gZiJR91a1FvsTE/9BzqXHDRzPNQ=
-57,132,hwj+/nFOLgCee2yXWzSTQEmrsS0=,oKfDJeEHA8UtucFjQo34SRQPSRM=
-58,132,hwj+/nFOLgCee2yXWzSTQEmrsS0=,oKfDJeEHA8UtucFjQo34SRQPSRM=
-56,135,hwj+/nFOLgCee2yXWzSTQEmrsS0=,1YHzTbPPxreg8h3Udc4Kzi8udwA=
-57,133,hwj+/nFOLgCee2yXWzSTQEmrsS0=,oKfDJeEHA8UtucFjQo34SRQPSRM=
-57,135,hwj+/nFOLgCee2yXWzSTQEmrsS0=,oKfDJeEHA8UtucFjQo34SRQPSRM=
-56,134,hwj+/nFOLgCee2yXWzSTQEmrsS0=,1YHzTbPPxreg8h3Udc4Kzi8udwA=
-58,135,hwj+/nFOLgCee2yXWzSTQEmrsS0=,oKfDJeEHA8UtucFjQo34SRQPSRM=
-59,135,hwj+/nFOLgCee2yXWzSTQEmrsS0=,oKfDJeEHA8UtucFjQo34SRQPSRM=
-56,132,hwj+/nFOLgCee2yXWzSTQEmrsS0=,1YHzTbPPxreg8h3Udc4Kzi8udwA=
-59,134,hwj+/nFOLgCee2yXWzSTQEmrsS0=,oKfDJeEHA8UtucFjQo34SRQPSRM=
-56,136,hwj+/nFOLgCee2yXWzSTQEmrsS0=,KqYpwS/gDOZKJqExrryYSYkuXhI=
-58,131,hwj+/nFOLgCee2yXWzSTQEmrsS0=,208IDgrq+JsS7i/uH3oBvFr/hVs=
-59,132,hwj+/nFOLgCee2yXWzSTQEmrsS0=,oKfDJeEHA8UtucFjQo34SRQPSRM=
-59,131,hwj+/nFOLgCee2yXWzSTQEmrsS0=,208IDgrq+JsS7i/uH3oBvFr/hVs=
-56,133,hwj+/nFOLgCee2yXWzSTQEmrsS0=,1YHzTbPPxreg8h3Udc4Kzi8udwA=
-58,133,hwj+/nFOLgCee2yXWzSTQEmrsS0=,oKfDJeEHA8UtucFjQo34SRQPSRM=
-59,133,hwj+/nFOLgCee2yXWzSTQEmrsS0=,oKfDJeEHA8UtucFjQo34SRQPSRM=
-56,131,hwj+/nFOLgCee2yXWzSTQEmrsS0=,IWWtSb4Q0akXemzw9OzwfCs7udQ=
-53,129,hwj+/nFOLgCee2yXWzSTQEmrsS0=,IWWtSb4Q0akXemzw9OzwfCs7udQ=
-57,131,hwj+/nFOLgCee2yXWzSTQEmrsS0=,208IDgrq+JsS7i/uH3oBvFr/hVs=
-51,136,hwj+/nFOLgCee2yXWzSTQEmrsS0=,raJo6UEQv7y9EQeBnedN44koZHs=
-50,136,hwj+/nFOLgCee2yXWzSTQEmrsS0=,raJo6UEQv7y9EQeBnedN44koZHs=
-52,136,hwj+/nFOLgCee2yXWzSTQEmrsS0=,raJo6UEQv7y9EQeBnedN44koZHs=
-50,138,hwj+/nFOLgCee2yXWzSTQEmrsS0=,raJo6UEQv7y9EQeBnedN44koZHs=
-53,138,hwj+/nFOLgCee2yXWzSTQEmrsS0=,KqYpwS/gDOZKJqExrryYSYkuXhI=
-53,137,hwj+/nFOLgCee2yXWzSTQEmrsS0=,KqYpwS/gDOZKJqExrryYSYkuXhI=
-52,135,hwj+/nFOLgCee2yXWzSTQEmrsS0=,8Zdd/cSCwn7+xrt+n0WPvupPDHc=
-52,137,hwj+/nFOLgCee2yXWzSTQEmrsS0=,raJo6UEQv7y9EQeBnedN44koZHs=
-51,138,hwj+/nFOLgCee2yXWzSTQEmrsS0=,raJo6UEQv7y9EQeBnedN44koZHs=
-52,138,hwj+/nFOLgCee2yXWzSTQEmrsS0=,raJo6UEQv7y9EQeBnedN44koZHs=
-53,136,hwj+/nFOLgCee2yXWzSTQEmrsS0=,KqYpwS/gDOZKJqExrryYSYkuXhI=
-53,135,hwj+/nFOLgCee2yXWzSTQEmrsS0=,1YHzTbPPxreg8h3Udc4Kzi8udwA=
-50,135,hwj+/nFOLgCee2yXWzSTQEmrsS0=,8Zdd/cSCwn7+xrt+n0WPvupPDHc=
-51,137,hwj+/nFOLgCee2yXWzSTQEmrsS0=,raJo6UEQv7y9EQeBnedN44koZHs=
-55,141,hwj+/nFOLgCee2yXWzSTQEmrsS0=,CVe/vHNV3s7XAPuJ8Tur9wP6PsI=
-51,135,hwj+/nFOLgCee2yXWzSTQEmrsS0=,8Zdd/cSCwn7+xrt+n0WPvupPDHc=
-50,137,hwj+/nFOLgCee2yXWzSTQEmrsS0=,raJo6UEQv7y9EQeBnedN44koZHs=
-55,140,hwj+/nFOLgCee2yXWzSTQEmrsS0=,CVe/vHNV3s7XAPuJ8Tur9wP6PsI=
-54,140,hwj+/nFOLgCee2yXWzSTQEmrsS0=,CVe/vHNV3s7XAPuJ8Tur9wP6PsI=
-54,139,hwj+/nFOLgCee2yXWzSTQEmrsS0=,KqYpwS/gDOZKJqExrryYSYkuXhI=
-55,139,hwj+/nFOLgCee2yXWzSTQEmrsS0=,KqYpwS/gDOZKJqExrryYSYkuXhI=
-55,142,hwj+/nFOLgCee2yXWzSTQEmrsS0=,CVe/vHNV3s7XAPuJ8Tur9wP6PsI=
-60,129,hwj+/nFOLgCee2yXWzSTQEmrsS0=,208IDgrq+JsS7i/uH3oBvFr/hVs=
-60,130,hwj+/nFOLgCee2yXWzSTQEmrsS0=,208IDgrq+JsS7i/uH3oBvFr/hVs=
-54,142,hwj+/nFOLgCee2yXWzSTQEmrsS0=,CVe/vHNV3s7XAPuJ8Tur9wP6PsI=
-54,141,hwj+/nFOLgCee2yXWzSTQEmrsS0=,CVe/vHNV3s7XAPuJ8Tur9wP6PsI=
-64,134,hwj+/nFOLgCee2yXWzSTQEmrsS0=,tzYpOGMsDI5FqzRHWYvcGoJjHI4=
-63,134,hwj+/nFOLgCee2yXWzSTQEmrsS0=,tzYpOGMsDI5FqzRHWYvcGoJjHI4=
-61,132,hwj+/nFOLgCee2yXWzSTQEmrsS0=,tzYpOGMsDI5FqzRHWYvcGoJjHI4=
-62,132,hwj+/nFOLgCee2yXWzSTQEmrsS0=,tzYpOGMsDI5FqzRHWYvcGoJjHI4=
-63,132,hwj+/nFOLgCee2yXWzSTQEmrsS0=,tzYpOGMsDI5FqzRHWYvcGoJjHI4=
-62,133,hwj+/nFOLgCee2yXWzSTQEmrsS0=,tzYpOGMsDI5FqzRHWYvcGoJjHI4=
-60,131,hwj+/nFOLgCee2yXWzSTQEmrsS0=,208IDgrq+JsS7i/uH3oBvFr/hVs=
-64,133,hwj+/nFOLgCee2yXWzSTQEmrsS0=,tzYpOGMsDI5FqzRHWYvcGoJjHI4=
-63,133,hwj+/nFOLgCee2yXWzSTQEmrsS0=,tzYpOGMsDI5FqzRHWYvcGoJjHI4=
-61,133,hwj+/nFOLgCee2yXWzSTQEmrsS0=,tzYpOGMsDI5FqzRHWYvcGoJjHI4=
-61,134,hwj+/nFOLgCee2yXWzSTQEmrsS0=,tzYpOGMsDI5FqzRHWYvcGoJjHI4=
-62,134,hwj+/nFOLgCee2yXWzSTQEmrsS0=,tzYpOGMsDI5FqzRHWYvcGoJjHI4=
-60,134,hwj+/nFOLgCee2yXWzSTQEmrsS0=,oKfDJeEHA8UtucFjQo34SRQPSRM=
-60,133,hwj+/nFOLgCee2yXWzSTQEmrsS0=,oKfDJeEHA8UtucFjQo34SRQPSRM=
-60,132,hwj+/nFOLgCee2yXWzSTQEmrsS0=,oKfDJeEHA8UtucFjQo34SRQPSRM=
-49,133,hwj+/nFOLgCee2yXWzSTQEmrsS0=,8Zdd/cSCwn7+xrt+n0WPvupPDHc=
-49,138,hwj+/nFOLgCee2yXWzSTQEmrsS0=,raJo6UEQv7y9EQeBnedN44koZHs=
-49,134,hwj+/nFOLgCee2yXWzSTQEmrsS0=,8Zdd/cSCwn7+xrt+n0WPvupPDHc=
-49,137,hwj+/nFOLgCee2yXWzSTQEmrsS0=,raJo6UEQv7y9EQeBnedN44koZHs=
-49,135,hwj+/nFOLgCee2yXWzSTQEmrsS0=,8Zdd/cSCwn7+xrt+n0WPvupPDHc=
-55,143,hwj+/nFOLgCee2yXWzSTQEmrsS0=,CVe/vHNV3s7XAPuJ8Tur9wP6PsI=
-56,141,hwj+/nFOLgCee2yXWzSTQEmrsS0=,CVe/vHNV3s7XAPuJ8Tur9wP6PsI=
-56,142,hwj+/nFOLgCee2yXWzSTQEmrsS0=,CVe/vHNV3s7XAPuJ8Tur9wP6PsI=
-56,140,hwj+/nFOLgCee2yXWzSTQEmrsS0=,CVe/vHNV3s7XAPuJ8Tur9wP6PsI=
-56,139,hwj+/nFOLgCee2yXWzSTQEmrsS0=,KqYpwS/gDOZKJqExrryYSYkuXhI=
-54,143,hwj+/nFOLgCee2yXWzSTQEmrsS0=,CVe/vHNV3s7XAPuJ8Tur9wP6PsI=
-49,136,hwj+/nFOLgCee2yXWzSTQEmrsS0=,raJo6UEQv7y9EQeBnedN44koZHs=
-49,132,hwj+/nFOLgCee2yXWzSTQEmrsS0=,8Zdd/cSCwn7+xrt+n0WPvupPDHc=
-49,129,hwj+/nFOLgCee2yXWzSTQEmrsS0=,gZiJR91a1FvsTE/9BzqXHDRzPNQ=
-59,128,hwj+/nFOLgCee2yXWzSTQEmrsS0=,208IDgrq+JsS7i/uH3oBvFr/hVs=
-58,128,hwj+/nFOLgCee2yXWzSTQEmrsS0=,208IDgrq+JsS7i/uH3oBvFr/hVs=
-60,128,hwj+/nFOLgCee2yXWzSTQEmrsS0=,208IDgrq+JsS7i/uH3oBvFr/hVs=
-56,143,hwj+/nFOLgCee2yXWzSTQEmrsS0=,CVe/vHNV3s7XAPuJ8Tur9wP6PsI=
-64,132,hwj+/nFOLgCee2yXWzSTQEmrsS0=,tzYpOGMsDI5FqzRHWYvcGoJjHI4=
-49,130,hwj+/nFOLgCee2yXWzSTQEmrsS0=,gZiJR91a1FvsTE/9BzqXHDRzPNQ=
-53,139,hwj+/nFOLgCee2yXWzSTQEmrsS0=,KqYpwS/gDOZKJqExrryYSYkuXhI=
-53,140,hwj+/nFOLgCee2yXWzSTQEmrsS0=,CVe/vHNV3s7XAPuJ8Tur9wP6PsI=
-49,140,hwj+/nFOLgCee2yXWzSTQEmrsS0=,9TQTt+7+7+vVYtqM0QUO/WyCZTk=
-50,128,hwj+/nFOLgCee2yXWzSTQEmrsS0=,gZiJR91a1FvsTE/9BzqXHDRzPNQ=
-49,143,hwj+/nFOLgCee2yXWzSTQEmrsS0=,9TQTt+7+7+vVYtqM0QUO/WyCZTk=
-50,143,hwj+/nFOLgCee2yXWzSTQEmrsS0=,9TQTt+7+7+vVYtqM0QUO/WyCZTk=
-51,128,hwj+/nFOLgCee2yXWzSTQEmrsS0=,gZiJR91a1FvsTE/9BzqXHDRzPNQ=
-50,140,hwj+/nFOLgCee2yXWzSTQEmrsS0=,9TQTt+7+7+vVYtqM0QUO/WyCZTk=
-49,128,hwj+/nFOLgCee2yXWzSTQEmrsS0=,gZiJR91a1FvsTE/9BzqXHDRzPNQ=
-51,140,hwj+/nFOLgCee2yXWzSTQEmrsS0=,9TQTt+7+7+vVYtqM0QUO/WyCZTk=
-49,142,hwj+/nFOLgCee2yXWzSTQEmrsS0=,9TQTt+7+7+vVYtqM0QUO/WyCZTk=
-51,143,hwj+/nFOLgCee2yXWzSTQEmrsS0=,9TQTt+7+7+vVYtqM0QUO/WyCZTk=
-52,139,hwj+/nFOLgCee2yXWzSTQEmrsS0=,raJo6UEQv7y9EQeBnedN44koZHs=
-50,142,hwj+/nFOLgCee2yXWzSTQEmrsS0=,9TQTt+7+7+vVYtqM0QUO/WyCZTk=
-52,143,hwj+/nFOLgCee2yXWzSTQEmrsS0=,9TQTt+7+7+vVYtqM0QUO/WyCZTk=
-53,141,hwj+/nFOLgCee2yXWzSTQEmrsS0=,CVe/vHNV3s7XAPuJ8Tur9wP6PsI=
-52,140,hwj+/nFOLgCee2yXWzSTQEmrsS0=,9TQTt+7+7+vVYtqM0QUO/WyCZTk=
-49,141,hwj+/nFOLgCee2yXWzSTQEmrsS0=,9TQTt+7+7+vVYtqM0QUO/WyCZTk=
-53,142,hwj+/nFOLgCee2yXWzSTQEmrsS0=,CVe/vHNV3s7XAPuJ8Tur9wP6PsI=
-52,142,hwj+/nFOLgCee2yXWzSTQEmrsS0=,9TQTt+7+7+vVYtqM0QUO/WyCZTk=
-51,142,hwj+/nFOLgCee2yXWzSTQEmrsS0=,9TQTt+7+7+vVYtqM0QUO/WyCZTk=
-49,139,hwj+/nFOLgCee2yXWzSTQEmrsS0=,raJo6UEQv7y9EQeBnedN44koZHs=
-56,128,hwj+/nFOLgCee2yXWzSTQEmrsS0=,IWWtSb4Q0akXemzw9OzwfCs7udQ=
-51,141,hwj+/nFOLgCee2yXWzSTQEmrsS0=,9TQTt+7+7+vVYtqM0QUO/WyCZTk=
-50,139,hwj+/nFOLgCee2yXWzSTQEmrsS0=,raJo6UEQv7y9EQeBnedN44koZHs=
-55,128,hwj+/nFOLgCee2yXWzSTQEmrsS0=,IWWtSb4Q0akXemzw9OzwfCs7udQ=
-50,141,hwj+/nFOLgCee2yXWzSTQEmrsS0=,9TQTt+7+7+vVYtqM0QUO/WyCZTk=
-52,141,hwj+/nFOLgCee2yXWzSTQEmrsS0=,9TQTt+7+7+vVYtqM0QUO/WyCZTk=
-54,128,hwj+/nFOLgCee2yXWzSTQEmrsS0=,IWWtSb4Q0akXemzw9OzwfCs7udQ=
-57,128,hwj+/nFOLgCee2yXWzSTQEmrsS0=,208IDgrq+JsS7i/uH3oBvFr/hVs=
-51,139,hwj+/nFOLgCee2yXWzSTQEmrsS0=,raJo6UEQv7y9EQeBnedN44koZHs=
-53,128,hwj+/nFOLgCee2yXWzSTQEmrsS0=,IWWtSb4Q0akXemzw9OzwfCs7udQ=
-49,131,hwj+/nFOLgCee2yXWzSTQEmrsS0=,gZiJR91a1FvsTE/9BzqXHDRzPNQ=
-64,139,hwj+/nFOLgCee2yXWzSTQEmrsS0=,WNEd4n5XdpwRKQRyEON1+2yRA0I=
-61,138,hwj+/nFOLgCee2yXWzSTQEmrsS0=,WNEd4n5XdpwRKQRyEON1+2yRA0I=
-53,143,hwj+/nFOLgCee2yXWzSTQEmrsS0=,CVe/vHNV3s7XAPuJ8Tur9wP6PsI=
-61,137,hwj+/nFOLgCee2yXWzSTQEmrsS0=,WNEd4n5XdpwRKQRyEON1+2yRA0I=
-62,137,hwj+/nFOLgCee2yXWzSTQEmrsS0=,WNEd4n5XdpwRKQRyEON1+2yRA0I=
-62,138,hwj+/nFOLgCee2yXWzSTQEmrsS0=,WNEd4n5XdpwRKQRyEON1+2yRA0I=
-61,136,hwj+/nFOLgCee2yXWzSTQEmrsS0=,WNEd4n5XdpwRKQRyEON1+2yRA0I=
-63,138,hwj+/nFOLgCee2yXWzSTQEmrsS0=,WNEd4n5XdpwRKQRyEON1+2yRA0I=
-62,136,hwj+/nFOLgCee2yXWzSTQEmrsS0=,WNEd4n5XdpwRKQRyEON1+2yRA0I=
-63,137,hwj+/nFOLgCee2yXWzSTQEmrsS0=,WNEd4n5XdpwRKQRyEON1+2yRA0I=
-64,135,hwj+/nFOLgCee2yXWzSTQEmrsS0=,tzYpOGMsDI5FqzRHWYvcGoJjHI4=
-62,139,hwj+/nFOLgCee2yXWzSTQEmrsS0=,WNEd4n5XdpwRKQRyEON1+2yRA0I=
-61,139,hwj+/nFOLgCee2yXWzSTQEmrsS0=,WNEd4n5XdpwRKQRyEON1+2yRA0I=
-52,128,hwj+/nFOLgCee2yXWzSTQEmrsS0=,gZiJR91a1FvsTE/9BzqXHDRzPNQ=
-63,136,hwj+/nFOLgCee2yXWzSTQEmrsS0=,WNEd4n5XdpwRKQRyEON1+2yRA0I=
-64,136,hwj+/nFOLgCee2yXWzSTQEmrsS0=,WNEd4n5XdpwRKQRyEON1+2yRA0I=
-60,135,hwj+/nFOLgCee2yXWzSTQEmrsS0=,oKfDJeEHA8UtucFjQo34SRQPSRM=
-64,137,hwj+/nFOLgCee2yXWzSTQEmrsS0=,WNEd4n5XdpwRKQRyEON1+2yRA0I=
-63,139,hwj+/nFOLgCee2yXWzSTQEmrsS0=,WNEd4n5XdpwRKQRyEON1+2yRA0I=
-61,135,hwj+/nFOLgCee2yXWzSTQEmrsS0=,tzYpOGMsDI5FqzRHWYvcGoJjHI4=
-63,135,hwj+/nFOLgCee2yXWzSTQEmrsS0=,tzYpOGMsDI5FqzRHWYvcGoJjHI4=
-62,135,hwj+/nFOLgCee2yXWzSTQEmrsS0=,tzYpOGMsDI5FqzRHWYvcGoJjHI4=
-64,138,hwj+/nFOLgCee2yXWzSTQEmrsS0=,WNEd4n5XdpwRKQRyEON1+2yRA0I=
-59,157,hwj+/nFOLgCee2yXWzSTQEmrsS0=,eid40rSj0TaUMAbSE9wdtJZxlt0=
-58,157,hwj+/nFOLgCee2yXWzSTQEmrsS0=,eid40rSj0TaUMAbSE9wdtJZxlt0=
-58,156,hwj+/nFOLgCee2yXWzSTQEmrsS0=,eid40rSj0TaUMAbSE9wdtJZxlt0=
-59,156,hwj+/nFOLgCee2yXWzSTQEmrsS0=,eid40rSj0TaUMAbSE9wdtJZxlt0=
-58,158,hwj+/nFOLgCee2yXWzSTQEmrsS0=,eid40rSj0TaUMAbSE9wdtJZxlt0=
-59,158,hwj+/nFOLgCee2yXWzSTQEmrsS0=,eid40rSj0TaUMAbSE9wdtJZxlt0=
-56,154,hwj+/nFOLgCee2yXWzSTQEmrsS0=,bsYz+wZBFHwBwtX6xUhN+cX4F1A=
-55,154,hwj+/nFOLgCee2yXWzSTQEmrsS0=,bsYz+wZBFHwBwtX6xUhN+cX4F1A=
-54,154,hwj+/nFOLgCee2yXWzSTQEmrsS0=,bsYz+wZBFHwBwtX6xUhN+cX4F1A=
-56,153,hwj+/nFOLgCee2yXWzSTQEmrsS0=,bsYz+wZBFHwBwtX6xUhN+cX4F1A=
-54,153,hwj+/nFOLgCee2yXWzSTQEmrsS0=,bsYz+wZBFHwBwtX6xUhN+cX4F1A=
-55,153,hwj+/nFOLgCee2yXWzSTQEmrsS0=,bsYz+wZBFHwBwtX6xUhN+cX4F1A=
-63,153,hwj+/nFOLgCee2yXWzSTQEmrsS0=,bs5aa4PyBKhza32t5pxhmY9BvzA=
-61,154,hwj+/nFOLgCee2yXWzSTQEmrsS0=,bs5aa4PyBKhza32t5pxhmY9BvzA=
-64,154,hwj+/nFOLgCee2yXWzSTQEmrsS0=,bs5aa4PyBKhza32t5pxhmY9BvzA=
-63,154,hwj+/nFOLgCee2yXWzSTQEmrsS0=,bs5aa4PyBKhza32t5pxhmY9BvzA=
-61,153,hwj+/nFOLgCee2yXWzSTQEmrsS0=,bs5aa4PyBKhza32t5pxhmY9BvzA=
-62,154,hwj+/nFOLgCee2yXWzSTQEmrsS0=,bs5aa4PyBKhza32t5pxhmY9BvzA=
-64,153,hwj+/nFOLgCee2yXWzSTQEmrsS0=,bs5aa4PyBKhza32t5pxhmY9BvzA=
-62,153,hwj+/nFOLgCee2yXWzSTQEmrsS0=,bs5aa4PyBKhza32t5pxhmY9BvzA=
-56,157,hwj+/nFOLgCee2yXWzSTQEmrsS0=,OV7lp1Q5ftGJOGIdsRyj6z6shPA=
-55,157,hwj+/nFOLgCee2yXWzSTQEmrsS0=,OV7lp1Q5ftGJOGIdsRyj6z6shPA=
-54,156,hwj+/nFOLgCee2yXWzSTQEmrsS0=,OV7lp1Q5ftGJOGIdsRyj6z6shPA=
-57,158,hwj+/nFOLgCee2yXWzSTQEmrsS0=,eid40rSj0TaUMAbSE9wdtJZxlt0=
-57,156,hwj+/nFOLgCee2yXWzSTQEmrsS0=,eid40rSj0TaUMAbSE9wdtJZxlt0=
-54,157,hwj+/nFOLgCee2yXWzSTQEmrsS0=,OV7lp1Q5ftGJOGIdsRyj6z6shPA=
-56,158,hwj+/nFOLgCee2yXWzSTQEmrsS0=,OV7lp1Q5ftGJOGIdsRyj6z6shPA=
-56,155,hwj+/nFOLgCee2yXWzSTQEmrsS0=,bsYz+wZBFHwBwtX6xUhN+cX4F1A=
-57,157,hwj+/nFOLgCee2yXWzSTQEmrsS0=,eid40rSj0TaUMAbSE9wdtJZxlt0=
-56,156,hwj+/nFOLgCee2yXWzSTQEmrsS0=,OV7lp1Q5ftGJOGIdsRyj6z6shPA=
-54,155,hwj+/nFOLgCee2yXWzSTQEmrsS0=,bsYz+wZBFHwBwtX6xUhN+cX4F1A=
-55,155,hwj+/nFOLgCee2yXWzSTQEmrsS0=,bsYz+wZBFHwBwtX6xUhN+cX4F1A=
-54,158,hwj+/nFOLgCee2yXWzSTQEmrsS0=,OV7lp1Q5ftGJOGIdsRyj6z6shPA=
-55,158,hwj+/nFOLgCee2yXWzSTQEmrsS0=,OV7lp1Q5ftGJOGIdsRyj6z6shPA=
-55,156,hwj+/nFOLgCee2yXWzSTQEmrsS0=,OV7lp1Q5ftGJOGIdsRyj6z6shPA=
-55,150,hwj+/nFOLgCee2yXWzSTQEmrsS0=,ayphbXukYfrOk5a6SiX+24nyDiQ=
-54,150,hwj+/nFOLgCee2yXWzSTQEmrsS0=,ayphbXukYfrOk5a6SiX+24nyDiQ=
-54,149,hwj+/nFOLgCee2yXWzSTQEmrsS0=,ayphbXukYfrOk5a6SiX+24nyDiQ=
-55,149,hwj+/nFOLgCee2yXWzSTQEmrsS0=,ayphbXukYfrOk5a6SiX+24nyDiQ=
-54,151,hwj+/nFOLgCee2yXWzSTQEmrsS0=,ayphbXukYfrOk5a6SiX+24nyDiQ=
-60,157,hwj+/nFOLgCee2yXWzSTQEmrsS0=,eid40rSj0TaUMAbSE9wdtJZxlt0=
-55,151,hwj+/nFOLgCee2yXWzSTQEmrsS0=,ayphbXukYfrOk5a6SiX+24nyDiQ=
-61,155,hwj+/nFOLgCee2yXWzSTQEmrsS0=,bs5aa4PyBKhza32t5pxhmY9BvzA=
-54,152,hwj+/nFOLgCee2yXWzSTQEmrsS0=,bsYz+wZBFHwBwtX6xUhN+cX4F1A=
-60,156,hwj+/nFOLgCee2yXWzSTQEmrsS0=,eid40rSj0TaUMAbSE9wdtJZxlt0=
-61,156,hwj+/nFOLgCee2yXWzSTQEmrsS0=,ovT1iwq+PE0nQWxqRLHPvW/DBxY=
-60,158,hwj+/nFOLgCee2yXWzSTQEmrsS0=,eid40rSj0TaUMAbSE9wdtJZxlt0=
-61,158,hwj+/nFOLgCee2yXWzSTQEmrsS0=,ovT1iwq+PE0nQWxqRLHPvW/DBxY=
-62,155,hwj+/nFOLgCee2yXWzSTQEmrsS0=,bs5aa4PyBKhza32t5pxhmY9BvzA=
-63,156,hwj+/nFOLgCee2yXWzSTQEmrsS0=,ovT1iwq+PE0nQWxqRLHPvW/DBxY=
-62,158,hwj+/nFOLgCee2yXWzSTQEmrsS0=,ovT1iwq+PE0nQWxqRLHPvW/DBxY=
-63,155,hwj+/nFOLgCee2yXWzSTQEmrsS0=,bs5aa4PyBKhza32t5pxhmY9BvzA=
-55,152,hwj+/nFOLgCee2yXWzSTQEmrsS0=,bsYz+wZBFHwBwtX6xUhN+cX4F1A=
-61,157,hwj+/nFOLgCee2yXWzSTQEmrsS0=,ovT1iwq+PE0nQWxqRLHPvW/DBxY=
-63,157,hwj+/nFOLgCee2yXWzSTQEmrsS0=,ovT1iwq+PE0nQWxqRLHPvW/DBxY=
-62,156,hwj+/nFOLgCee2yXWzSTQEmrsS0=,ovT1iwq+PE0nQWxqRLHPvW/DBxY=
-63,158,hwj+/nFOLgCee2yXWzSTQEmrsS0=,ovT1iwq+PE0nQWxqRLHPvW/DBxY=
-62,157,hwj+/nFOLgCee2yXWzSTQEmrsS0=,ovT1iwq+PE0nQWxqRLHPvW/DBxY=
-59,145,4zdR7UH3P2uRcuI1yRpNc16SCLA=,pbmcjVoJxPwG3pS2V3lxjy21C1w=
-59,146,4zdR7UH3P2uRcuI1yRpNc16SCLA=,pbmcjVoJxPwG3pS2V3lxjy21C1w=
-58,145,4zdR7UH3P2uRcuI1yRpNc16SCLA=,pbmcjVoJxPwG3pS2V3lxjy21C1w=
-58,146,4zdR7UH3P2uRcuI1yRpNc16SCLA=,pbmcjVoJxPwG3pS2V3lxjy21C1w=
-56,149,4zdR7UH3P2uRcuI1yRpNc16SCLA=,ayphbXukYfrOk5a6SiX+24nyDiQ=
-56,151,4zdR7UH3P2uRcuI1yRpNc16SCLA=,ayphbXukYfrOk5a6SiX+24nyDiQ=
-59,151,4zdR7UH3P2uRcuI1yRpNc16SCLA=,g/6gQhbrRZcwUj5wjjWiZ9Bzm/0=
-58,151,4zdR7UH3P2uRcuI1yRpNc16SCLA=,g/6gQhbrRZcwUj5wjjWiZ9Bzm/0=
-57,149,4zdR7UH3P2uRcuI1yRpNc16SCLA=,g/6gQhbrRZcwUj5wjjWiZ9Bzm/0=
-56,150,4zdR7UH3P2uRcuI1yRpNc16SCLA=,ayphbXukYfrOk5a6SiX+24nyDiQ=
-56,152,4zdR7UH3P2uRcuI1yRpNc16SCLA=,bsYz+wZBFHwBwtX6xUhN+cX4F1A=
-59,150,4zdR7UH3P2uRcuI1yRpNc16SCLA=,g/6gQhbrRZcwUj5wjjWiZ9Bzm/0=
-59,147,4zdR7UH3P2uRcuI1yRpNc16SCLA=,pbmcjVoJxPwG3pS2V3lxjy21C1w=
-58,148,4zdR7UH3P2uRcuI1yRpNc16SCLA=,g/6gQhbrRZcwUj5wjjWiZ9Bzm/0=
-57,151,4zdR7UH3P2uRcuI1yRpNc16SCLA=,g/6gQhbrRZcwUj5wjjWiZ9Bzm/0=
-58,149,4zdR7UH3P2uRcuI1yRpNc16SCLA=,g/6gQhbrRZcwUj5wjjWiZ9Bzm/0=
-58,147,4zdR7UH3P2uRcuI1yRpNc16SCLA=,pbmcjVoJxPwG3pS2V3lxjy21C1w=
-59,149,4zdR7UH3P2uRcuI1yRpNc16SCLA=,g/6gQhbrRZcwUj5wjjWiZ9Bzm/0=
-59,148,4zdR7UH3P2uRcuI1yRpNc16SCLA=,g/6gQhbrRZcwUj5wjjWiZ9Bzm/0=
-58,150,4zdR7UH3P2uRcuI1yRpNc16SCLA=,g/6gQhbrRZcwUj5wjjWiZ9Bzm/0=
-57,150,4zdR7UH3P2uRcuI1yRpNc16SCLA=,g/6gQhbrRZcwUj5wjjWiZ9Bzm/0=
-60,145,4zdR7UH3P2uRcuI1yRpNc16SCLA=,pbmcjVoJxPwG3pS2V3lxjy21C1w=
-60,146,4zdR7UH3P2uRcuI1yRpNc16SCLA=,pbmcjVoJxPwG3pS2V3lxjy21C1w=
-53,149,4zdR7UH3P2uRcuI1yRpNc16SCLA=,ayphbXukYfrOk5a6SiX+24nyDiQ=
-53,150,4zdR7UH3P2uRcuI1yRpNc16SCLA=,ayphbXukYfrOk5a6SiX+24nyDiQ=
-51,147,4zdR7UH3P2uRcuI1yRpNc16SCLA=,JoDXj66Rx8CYvdcEIbW026e6sNI=
-50,147,4zdR7UH3P2uRcuI1yRpNc16SCLA=,JoDXj66Rx8CYvdcEIbW026e6sNI=
-51,144,4zdR7UH3P2uRcuI1yRpNc16SCLA=,JoDXj66Rx8CYvdcEIbW026e6sNI=
-50,144,4zdR7UH3P2uRcuI1yRpNc16SCLA=,JoDXj66Rx8CYvdcEIbW026e6sNI=
-51,145,4zdR7UH3P2uRcuI1yRpNc16SCLA=,JoDXj66Rx8CYvdcEIbW026e6sNI=
-50,145,4zdR7UH3P2uRcuI1yRpNc16SCLA=,JoDXj66Rx8CYvdcEIbW026e6sNI=
-49,145,4zdR7UH3P2uRcuI1yRpNc16SCLA=,JoDXj66Rx8CYvdcEIbW026e6sNI=
-51,146,4zdR7UH3P2uRcuI1yRpNc16SCLA=,JoDXj66Rx8CYvdcEIbW026e6sNI=
-50,146,4zdR7UH3P2uRcuI1yRpNc16SCLA=,JoDXj66Rx8CYvdcEIbW026e6sNI=
-49,146,4zdR7UH3P2uRcuI1yRpNc16SCLA=,JoDXj66Rx8CYvdcEIbW026e6sNI=
-59,144,4zdR7UH3P2uRcuI1yRpNc16SCLA=,pbmcjVoJxPwG3pS2V3lxjy21C1w=
-58,144,4zdR7UH3P2uRcuI1yRpNc16SCLA=,pbmcjVoJxPwG3pS2V3lxjy21C1w=
-49,144,4zdR7UH3P2uRcuI1yRpNc16SCLA=,JoDXj66Rx8CYvdcEIbW026e6sNI=
-64,158,4zdR7UH3P2uRcuI1yRpNc16SCLA=,ovT1iwq+PE0nQWxqRLHPvW/DBxY=
-64,157,4zdR7UH3P2uRcuI1yRpNc16SCLA=,ovT1iwq+PE0nQWxqRLHPvW/DBxY=
-64,156,4zdR7UH3P2uRcuI1yRpNc16SCLA=,ovT1iwq+PE0nQWxqRLHPvW/DBxY=
-64,155,4zdR7UH3P2uRcuI1yRpNc16SCLA=,bs5aa4PyBKhza32t5pxhmY9BvzA=
-62,159,4zdR7UH3P2uRcuI1yRpNc16SCLA=,ovT1iwq+PE0nQWxqRLHPvW/DBxY=
-63,159,4zdR7UH3P2uRcuI1yRpNc16SCLA=,ovT1iwq+PE0nQWxqRLHPvW/DBxY=
-55,159,4zdR7UH3P2uRcuI1yRpNc16SCLA=,OV7lp1Q5ftGJOGIdsRyj6z6shPA=
-53,157,4zdR7UH3P2uRcuI1yRpNc16SCLA=,OV7lp1Q5ftGJOGIdsRyj6z6shPA=
-53,158,4zdR7UH3P2uRcuI1yRpNc16SCLA=,OV7lp1Q5ftGJOGIdsRyj6z6shPA=
-53,151,4zdR7UH3P2uRcuI1yRpNc16SCLA=,ayphbXukYfrOk5a6SiX+24nyDiQ=
-53,154,4zdR7UH3P2uRcuI1yRpNc16SCLA=,bsYz+wZBFHwBwtX6xUhN+cX4F1A=
-53,152,4zdR7UH3P2uRcuI1yRpNc16SCLA=,bsYz+wZBFHwBwtX6xUhN+cX4F1A=
-53,155,4zdR7UH3P2uRcuI1yRpNc16SCLA=,bsYz+wZBFHwBwtX6xUhN+cX4F1A=
-53,153,4zdR7UH3P2uRcuI1yRpNc16SCLA=,bsYz+wZBFHwBwtX6xUhN+cX4F1A=
-53,156,4zdR7UH3P2uRcuI1yRpNc16SCLA=,OV7lp1Q5ftGJOGIdsRyj6z6shPA=
-54,159,4zdR7UH3P2uRcuI1yRpNc16SCLA=,OV7lp1Q5ftGJOGIdsRyj6z6shPA=
-60,159,4zdR7UH3P2uRcuI1yRpNc16SCLA=,eid40rSj0TaUMAbSE9wdtJZxlt0=
-59,159,4zdR7UH3P2uRcuI1yRpNc16SCLA=,eid40rSj0TaUMAbSE9wdtJZxlt0=
-58,159,4zdR7UH3P2uRcuI1yRpNc16SCLA=,eid40rSj0TaUMAbSE9wdtJZxlt0=
-57,159,4zdR7UH3P2uRcuI1yRpNc16SCLA=,eid40rSj0TaUMAbSE9wdtJZxlt0=
-49,147,4zdR7UH3P2uRcuI1yRpNc16SCLA=,JoDXj66Rx8CYvdcEIbW026e6sNI=
-60,144,4zdR7UH3P2uRcuI1yRpNc16SCLA=,pbmcjVoJxPwG3pS2V3lxjy21C1w=
-53,159,4zdR7UH3P2uRcuI1yRpNc16SCLA=,OV7lp1Q5ftGJOGIdsRyj6z6shPA=
-61,159,4zdR7UH3P2uRcuI1yRpNc16SCLA=,ovT1iwq+PE0nQWxqRLHPvW/DBxY=
-56,159,4zdR7UH3P2uRcuI1yRpNc16SCLA=,OV7lp1Q5ftGJOGIdsRyj6z6shPA=
-64,159,4zdR7UH3P2uRcuI1yRpNc16SCLA=,ovT1iwq+PE0nQWxqRLHPvW/DBxY=
-57,144,4zdR7UH3P2uRcuI1yRpNc16SCLA=,pbmcjVoJxPwG3pS2V3lxjy21C1w=
-52,146,4zdR7UH3P2uRcuI1yRpNc16SCLA=,JoDXj66Rx8CYvdcEIbW026e6sNI=
-53,146,4zdR7UH3P2uRcuI1yRpNc16SCLA=,Z0X54WmHwDVFMm1LUPZG7PKga1w=
-55,147,4zdR7UH3P2uRcuI1yRpNc16SCLA=,Z0X54WmHwDVFMm1LUPZG7PKga1w=
-56,147,4zdR7UH3P2uRcuI1yRpNc16SCLA=,Z0X54WmHwDVFMm1LUPZG7PKga1w=
-54,146,4zdR7UH3P2uRcuI1yRpNc16SCLA=,Z0X54WmHwDVFMm1LUPZG7PKga1w=
-57,147,4zdR7UH3P2uRcuI1yRpNc16SCLA=,pbmcjVoJxPwG3pS2V3lxjy21C1w=
-53,148,4zdR7UH3P2uRcuI1yRpNc16SCLA=,ayphbXukYfrOk5a6SiX+24nyDiQ=
-56,146,4zdR7UH3P2uRcuI1yRpNc16SCLA=,Z0X54WmHwDVFMm1LUPZG7PKga1w=
-57,148,4zdR7UH3P2uRcuI1yRpNc16SCLA=,g/6gQhbrRZcwUj5wjjWiZ9Bzm/0=
-56,145,4zdR7UH3P2uRcuI1yRpNc16SCLA=,Z0X54WmHwDVFMm1LUPZG7PKga1w=
-53,145,4zdR7UH3P2uRcuI1yRpNc16SCLA=,Z0X54WmHwDVFMm1LUPZG7PKga1w=
-57,146,4zdR7UH3P2uRcuI1yRpNc16SCLA=,pbmcjVoJxPwG3pS2V3lxjy21C1w=
-54,145,4zdR7UH3P2uRcuI1yRpNc16SCLA=,Z0X54WmHwDVFMm1LUPZG7PKga1w=
-57,145,4zdR7UH3P2uRcuI1yRpNc16SCLA=,pbmcjVoJxPwG3pS2V3lxjy21C1w=
-54,148,4zdR7UH3P2uRcuI1yRpNc16SCLA=,ayphbXukYfrOk5a6SiX+24nyDiQ=
-55,148,4zdR7UH3P2uRcuI1yRpNc16SCLA=,ayphbXukYfrOk5a6SiX+24nyDiQ=
-55,144,4zdR7UH3P2uRcuI1yRpNc16SCLA=,Z0X54WmHwDVFMm1LUPZG7PKga1w=
-55,145,4zdR7UH3P2uRcuI1yRpNc16SCLA=,Z0X54WmHwDVFMm1LUPZG7PKga1w=
-55,146,4zdR7UH3P2uRcuI1yRpNc16SCLA=,Z0X54WmHwDVFMm1LUPZG7PKga1w=
-52,147,4zdR7UH3P2uRcuI1yRpNc16SCLA=,JoDXj66Rx8CYvdcEIbW026e6sNI=
-56,144,4zdR7UH3P2uRcuI1yRpNc16SCLA=,Z0X54WmHwDVFMm1LUPZG7PKga1w=
-54,144,4zdR7UH3P2uRcuI1yRpNc16SCLA=,Z0X54WmHwDVFMm1LUPZG7PKga1w=
-52,144,4zdR7UH3P2uRcuI1yRpNc16SCLA=,JoDXj66Rx8CYvdcEIbW026e6sNI=
-53,144,4zdR7UH3P2uRcuI1yRpNc16SCLA=,Z0X54WmHwDVFMm1LUPZG7PKga1w=
-52,145,4zdR7UH3P2uRcuI1yRpNc16SCLA=,JoDXj66Rx8CYvdcEIbW026e6sNI=
-56,148,4zdR7UH3P2uRcuI1yRpNc16SCLA=,ayphbXukYfrOk5a6SiX+24nyDiQ=
-54,147,4zdR7UH3P2uRcuI1yRpNc16SCLA=,Z0X54WmHwDVFMm1LUPZG7PKga1w=
-61,148,4zdR7UH3P2uRcuI1yRpNc16SCLA=,2qeUrnfMUtBbvpBEHIK/GS41kUM=
-64,152,4zdR7UH3P2uRcuI1yRpNc16SCLA=,bs5aa4PyBKhza32t5pxhmY9BvzA=
-53,147,4zdR7UH3P2uRcuI1yRpNc16SCLA=,Z0X54WmHwDVFMm1LUPZG7PKga1w=
-64,148,4zdR7UH3P2uRcuI1yRpNc16SCLA=,2qeUrnfMUtBbvpBEHIK/GS41kUM=
-64,149,4zdR7UH3P2uRcuI1yRpNc16SCLA=,2qeUrnfMUtBbvpBEHIK/GS41kUM=
-60,147,4zdR7UH3P2uRcuI1yRpNc16SCLA=,pbmcjVoJxPwG3pS2V3lxjy21C1w=
-60,151,4zdR7UH3P2uRcuI1yRpNc16SCLA=,g/6gQhbrRZcwUj5wjjWiZ9Bzm/0=
-64,150,4zdR7UH3P2uRcuI1yRpNc16SCLA=,2qeUrnfMUtBbvpBEHIK/GS41kUM=
-63,150,4zdR7UH3P2uRcuI1yRpNc16SCLA=,2qeUrnfMUtBbvpBEHIK/GS41kUM=
-63,152,4zdR7UH3P2uRcuI1yRpNc16SCLA=,bs5aa4PyBKhza32t5pxhmY9BvzA=
-63,149,4zdR7UH3P2uRcuI1yRpNc16SCLA=,2qeUrnfMUtBbvpBEHIK/GS41kUM=
-63,148,4zdR7UH3P2uRcuI1yRpNc16SCLA=,2qeUrnfMUtBbvpBEHIK/GS41kUM=
-62,148,4zdR7UH3P2uRcuI1yRpNc16SCLA=,2qeUrnfMUtBbvpBEHIK/GS41kUM=
-60,148,4zdR7UH3P2uRcuI1yRpNc16SCLA=,g/6gQhbrRZcwUj5wjjWiZ9Bzm/0=
-61,149,4zdR7UH3P2uRcuI1yRpNc16SCLA=,2qeUrnfMUtBbvpBEHIK/GS41kUM=
-61,151,4zdR7UH3P2uRcuI1yRpNc16SCLA=,2qeUrnfMUtBbvpBEHIK/GS41kUM=
-60,149,4zdR7UH3P2uRcuI1yRpNc16SCLA=,g/6gQhbrRZcwUj5wjjWiZ9Bzm/0=
-61,152,4zdR7UH3P2uRcuI1yRpNc16SCLA=,bs5aa4PyBKhza32t5pxhmY9BvzA=
-62,149,4zdR7UH3P2uRcuI1yRpNc16SCLA=,2qeUrnfMUtBbvpBEHIK/GS41kUM=
-63,151,4zdR7UH3P2uRcuI1yRpNc16SCLA=,2qeUrnfMUtBbvpBEHIK/GS41kUM=
-62,152,4zdR7UH3P2uRcuI1yRpNc16SCLA=,bs5aa4PyBKhza32t5pxhmY9BvzA=
-61,150,4zdR7UH3P2uRcuI1yRpNc16SCLA=,2qeUrnfMUtBbvpBEHIK/GS41kUM=
-60,150,4zdR7UH3P2uRcuI1yRpNc16SCLA=,g/6gQhbrRZcwUj5wjjWiZ9Bzm/0=
-64,151,4zdR7UH3P2uRcuI1yRpNc16SCLA=,2qeUrnfMUtBbvpBEHIK/GS41kUM=
-62,151,4zdR7UH3P2uRcuI1yRpNc16SCLA=,2qeUrnfMUtBbvpBEHIK/GS41kUM=
-62,150,4zdR7UH3P2uRcuI1yRpNc16SCLA=,2qeUrnfMUtBbvpBEHIK/GS41kUM=
-43,133,Mbk0s1NRCpPzSXzUlT/Y4fLj2GU=,jFXviLmNd1mdR/no4GH/HCfRe0U=
-42,134,Mbk0s1NRCpPzSXzUlT/Y4fLj2GU=,jFXviLmNd1mdR/no4GH/HCfRe0U=
-43,134,Mbk0s1NRCpPzSXzUlT/Y4fLj2GU=,jFXviLmNd1mdR/no4GH/HCfRe0U=
-42,133,Mbk0s1NRCpPzSXzUlT/Y4fLj2GU=,jFXviLmNd1mdR/no4GH/HCfRe0U=
-47,141,Mbk0s1NRCpPzSXzUlT/Y4fLj2GU=,ourtn3siJMmmTELfphdEtb2q0yE=
-46,141,Mbk0s1NRCpPzSXzUlT/Y4fLj2GU=,ourtn3siJMmmTELfphdEtb2q0yE=
-47,142,Mbk0s1NRCpPzSXzUlT/Y4fLj2GU=,ourtn3siJMmmTELfphdEtb2q0yE=
-46,142,Mbk0s1NRCpPzSXzUlT/Y4fLj2GU=,ourtn3siJMmmTELfphdEtb2q0yE=
-43,131,Mbk0s1NRCpPzSXzUlT/Y4fLj2GU=,BrQwnxM5XtBs4RuM7kAKDu3xRm8=
-42,130,Mbk0s1NRCpPzSXzUlT/Y4fLj2GU=,BrQwnxM5XtBs4RuM7kAKDu3xRm8=
-43,130,Mbk0s1NRCpPzSXzUlT/Y4fLj2GU=,BrQwnxM5XtBs4RuM7kAKDu3xRm8=
-42,129,Mbk0s1NRCpPzSXzUlT/Y4fLj2GU=,BrQwnxM5XtBs4RuM7kAKDu3xRm8=
-43,129,Mbk0s1NRCpPzSXzUlT/Y4fLj2GU=,BrQwnxM5XtBs4RuM7kAKDu3xRm8=
-42,132,Mbk0s1NRCpPzSXzUlT/Y4fLj2GU=,jFXviLmNd1mdR/no4GH/HCfRe0U=
-43,132,Mbk0s1NRCpPzSXzUlT/Y4fLj2GU=,jFXviLmNd1mdR/no4GH/HCfRe0U=
-42,131,Mbk0s1NRCpPzSXzUlT/Y4fLj2GU=,BrQwnxM5XtBs4RuM7kAKDu3xRm8=
-43,135,Mbk0s1NRCpPzSXzUlT/Y4fLj2GU=,jFXviLmNd1mdR/no4GH/HCfRe0U=
-42,135,Mbk0s1NRCpPzSXzUlT/Y4fLj2GU=,jFXviLmNd1mdR/no4GH/HCfRe0U=
-45,141,Mbk0s1NRCpPzSXzUlT/Y4fLj2GU=,ourtn3siJMmmTELfphdEtb2q0yE=
-45,142,Mbk0s1NRCpPzSXzUlT/Y4fLj2GU=,ourtn3siJMmmTELfphdEtb2q0yE=
-48,142,Mbk0s1NRCpPzSXzUlT/Y4fLj2GU=,ourtn3siJMmmTELfphdEtb2q0yE=
-48,141,Mbk0s1NRCpPzSXzUlT/Y4fLj2GU=,ourtn3siJMmmTELfphdEtb2q0yE=
-43,128,Mbk0s1NRCpPzSXzUlT/Y4fLj2GU=,BrQwnxM5XtBs4RuM7kAKDu3xRm8=
-42,128,Mbk0s1NRCpPzSXzUlT/Y4fLj2GU=,BrQwnxM5XtBs4RuM7kAKDu3xRm8=
-41,129,Mbk0s1NRCpPzSXzUlT/Y4fLj2GU=,BrQwnxM5XtBs4RuM7kAKDu3xRm8=
-41,130,Mbk0s1NRCpPzSXzUlT/Y4fLj2GU=,BrQwnxM5XtBs4RuM7kAKDu3xRm8=
-41,131,Mbk0s1NRCpPzSXzUlT/Y4fLj2GU=,BrQwnxM5XtBs4RuM7kAKDu3xRm8=
-41,134,Mbk0s1NRCpPzSXzUlT/Y4fLj2GU=,jFXviLmNd1mdR/no4GH/HCfRe0U=
-41,132,Mbk0s1NRCpPzSXzUlT/Y4fLj2GU=,jFXviLmNd1mdR/no4GH/HCfRe0U=
-41,133,Mbk0s1NRCpPzSXzUlT/Y4fLj2GU=,jFXviLmNd1mdR/no4GH/HCfRe0U=
-41,135,Mbk0s1NRCpPzSXzUlT/Y4fLj2GU=,jFXviLmNd1mdR/no4GH/HCfRe0U=
-41,128,Mbk0s1NRCpPzSXzUlT/Y4fLj2GU=,BrQwnxM5XtBs4RuM7kAKDu3xRm8=
-47,143,Mbk0s1NRCpPzSXzUlT/Y4fLj2GU=,ourtn3siJMmmTELfphdEtb2q0yE=
-46,143,Mbk0s1NRCpPzSXzUlT/Y4fLj2GU=,ourtn3siJMmmTELfphdEtb2q0yE=
-45,143,Mbk0s1NRCpPzSXzUlT/Y4fLj2GU=,ourtn3siJMmmTELfphdEtb2q0yE=
-48,143,Mbk0s1NRCpPzSXzUlT/Y4fLj2GU=,ourtn3siJMmmTELfphdEtb2q0yE=
-45,138,Mbk0s1NRCpPzSXzUlT/Y4fLj2GU=,cW80jCliSU0ajJuFRdCoxNYg4aM=
-47,139,Mbk0s1NRCpPzSXzUlT/Y4fLj2GU=,cW80jCliSU0ajJuFRdCoxNYg4aM=
-46,138,Mbk0s1NRCpPzSXzUlT/Y4fLj2GU=,cW80jCliSU0ajJuFRdCoxNYg4aM=
-45,140,Mbk0s1NRCpPzSXzUlT/Y4fLj2GU=,ourtn3siJMmmTELfphdEtb2q0yE=
-46,140,Mbk0s1NRCpPzSXzUlT/Y4fLj2GU=,ourtn3siJMmmTELfphdEtb2q0yE=
-47,140,Mbk0s1NRCpPzSXzUlT/Y4fLj2GU=,ourtn3siJMmmTELfphdEtb2q0yE=
-47,137,Mbk0s1NRCpPzSXzUlT/Y4fLj2GU=,cW80jCliSU0ajJuFRdCoxNYg4aM=
-46,137,Mbk0s1NRCpPzSXzUlT/Y4fLj2GU=,cW80jCliSU0ajJuFRdCoxNYg4aM=
-45,137,Mbk0s1NRCpPzSXzUlT/Y4fLj2GU=,cW80jCliSU0ajJuFRdCoxNYg4aM=
-46,139,Mbk0s1NRCpPzSXzUlT/Y4fLj2GU=,cW80jCliSU0ajJuFRdCoxNYg4aM=
-45,139,Mbk0s1NRCpPzSXzUlT/Y4fLj2GU=,cW80jCliSU0ajJuFRdCoxNYg4aM=
-47,138,Mbk0s1NRCpPzSXzUlT/Y4fLj2GU=,cW80jCliSU0ajJuFRdCoxNYg4aM=
-48,140,Mbk0s1NRCpPzSXzUlT/Y4fLj2GU=,ourtn3siJMmmTELfphdEtb2q0yE=
-48,138,Mbk0s1NRCpPzSXzUlT/Y4fLj2GU=,cW80jCliSU0ajJuFRdCoxNYg4aM=
-48,139,Mbk0s1NRCpPzSXzUlT/Y4fLj2GU=,cW80jCliSU0ajJuFRdCoxNYg4aM=
-48,137,Mbk0s1NRCpPzSXzUlT/Y4fLj2GU=,cW80jCliSU0ajJuFRdCoxNYg4aM=
-44,130,Mbk0s1NRCpPzSXzUlT/Y4fLj2GU=,BrQwnxM5XtBs4RuM7kAKDu3xRm8=
-47,129,Mbk0s1NRCpPzSXzUlT/Y4fLj2GU=,6aJDTJ2PcugvXkTQmWrUkmm30gk=
-44,129,Mbk0s1NRCpPzSXzUlT/Y4fLj2GU=,BrQwnxM5XtBs4RuM7kAKDu3xRm8=
-47,130,Mbk0s1NRCpPzSXzUlT/Y4fLj2GU=,6aJDTJ2PcugvXkTQmWrUkmm30gk=
-48,128,Mbk0s1NRCpPzSXzUlT/Y4fLj2GU=,6aJDTJ2PcugvXkTQmWrUkmm30gk=
-46,130,Mbk0s1NRCpPzSXzUlT/Y4fLj2GU=,6aJDTJ2PcugvXkTQmWrUkmm30gk=
-44,128,Mbk0s1NRCpPzSXzUlT/Y4fLj2GU=,BrQwnxM5XtBs4RuM7kAKDu3xRm8=
-46,128,Mbk0s1NRCpPzSXzUlT/Y4fLj2GU=,6aJDTJ2PcugvXkTQmWrUkmm30gk=
-45,130,Mbk0s1NRCpPzSXzUlT/Y4fLj2GU=,6aJDTJ2PcugvXkTQmWrUkmm30gk=
-45,128,Mbk0s1NRCpPzSXzUlT/Y4fLj2GU=,6aJDTJ2PcugvXkTQmWrUkmm30gk=
-46,129,Mbk0s1NRCpPzSXzUlT/Y4fLj2GU=,6aJDTJ2PcugvXkTQmWrUkmm30gk=
-47,128,Mbk0s1NRCpPzSXzUlT/Y4fLj2GU=,6aJDTJ2PcugvXkTQmWrUkmm30gk=
-48,129,Mbk0s1NRCpPzSXzUlT/Y4fLj2GU=,6aJDTJ2PcugvXkTQmWrUkmm30gk=
-48,130,Mbk0s1NRCpPzSXzUlT/Y4fLj2GU=,6aJDTJ2PcugvXkTQmWrUkmm30gk=
-45,129,Mbk0s1NRCpPzSXzUlT/Y4fLj2GU=,6aJDTJ2PcugvXkTQmWrUkmm30gk=
-44,131,Mbk0s1NRCpPzSXzUlT/Y4fLj2GU=,BrQwnxM5XtBs4RuM7kAKDu3xRm8=
-45,133,Mbk0s1NRCpPzSXzUlT/Y4fLj2GU=,dqAJonMxvumo7mWArob2EZruM2c=
-46,136,Mbk0s1NRCpPzSXzUlT/Y4fLj2GU=,cW80jCliSU0ajJuFRdCoxNYg4aM=
-46,133,Mbk0s1NRCpPzSXzUlT/Y4fLj2GU=,dqAJonMxvumo7mWArob2EZruM2c=
-46,132,Mbk0s1NRCpPzSXzUlT/Y4fLj2GU=,dqAJonMxvumo7mWArob2EZruM2c=
-48,134,Mbk0s1NRCpPzSXzUlT/Y4fLj2GU=,dqAJonMxvumo7mWArob2EZruM2c=
-48,133,Mbk0s1NRCpPzSXzUlT/Y4fLj2GU=,dqAJonMxvumo7mWArob2EZruM2c=
-45,131,Mbk0s1NRCpPzSXzUlT/Y4fLj2GU=,6aJDTJ2PcugvXkTQmWrUkmm30gk=
-47,133,Mbk0s1NRCpPzSXzUlT/Y4fLj2GU=,dqAJonMxvumo7mWArob2EZruM2c=
-45,132,Mbk0s1NRCpPzSXzUlT/Y4fLj2GU=,dqAJonMxvumo7mWArob2EZruM2c=
-44,134,Mbk0s1NRCpPzSXzUlT/Y4fLj2GU=,jFXviLmNd1mdR/no4GH/HCfRe0U=
-47,136,Mbk0s1NRCpPzSXzUlT/Y4fLj2GU=,cW80jCliSU0ajJuFRdCoxNYg4aM=
-46,135,Mbk0s1NRCpPzSXzUlT/Y4fLj2GU=,dqAJonMxvumo7mWArob2EZruM2c=
-44,132,Mbk0s1NRCpPzSXzUlT/Y4fLj2GU=,jFXviLmNd1mdR/no4GH/HCfRe0U=
-48,132,Mbk0s1NRCpPzSXzUlT/Y4fLj2GU=,dqAJonMxvumo7mWArob2EZruM2c=
-45,135,Mbk0s1NRCpPzSXzUlT/Y4fLj2GU=,dqAJonMxvumo7mWArob2EZruM2c=
-44,133,Mbk0s1NRCpPzSXzUlT/Y4fLj2GU=,jFXviLmNd1mdR/no4GH/HCfRe0U=
-44,135,Mbk0s1NRCpPzSXzUlT/Y4fLj2GU=,jFXviLmNd1mdR/no4GH/HCfRe0U=
-45,134,Mbk0s1NRCpPzSXzUlT/Y4fLj2GU=,dqAJonMxvumo7mWArob2EZruM2c=
-48,135,Mbk0s1NRCpPzSXzUlT/Y4fLj2GU=,dqAJonMxvumo7mWArob2EZruM2c=
-47,132,Mbk0s1NRCpPzSXzUlT/Y4fLj2GU=,dqAJonMxvumo7mWArob2EZruM2c=
-46,131,Mbk0s1NRCpPzSXzUlT/Y4fLj2GU=,6aJDTJ2PcugvXkTQmWrUkmm30gk=
-46,134,Mbk0s1NRCpPzSXzUlT/Y4fLj2GU=,dqAJonMxvumo7mWArob2EZruM2c=
-47,134,Mbk0s1NRCpPzSXzUlT/Y4fLj2GU=,dqAJonMxvumo7mWArob2EZruM2c=
-45,136,Mbk0s1NRCpPzSXzUlT/Y4fLj2GU=,cW80jCliSU0ajJuFRdCoxNYg4aM=
-48,131,Mbk0s1NRCpPzSXzUlT/Y4fLj2GU=,6aJDTJ2PcugvXkTQmWrUkmm30gk=
-47,131,Mbk0s1NRCpPzSXzUlT/Y4fLj2GU=,6aJDTJ2PcugvXkTQmWrUkmm30gk=
-47,135,Mbk0s1NRCpPzSXzUlT/Y4fLj2GU=,dqAJonMxvumo7mWArob2EZruM2c=
-48,136,Mbk0s1NRCpPzSXzUlT/Y4fLj2GU=,cW80jCliSU0ajJuFRdCoxNYg4aM=
