335,271,9Zl75FCRitIGxS+mAIwiaH/g884=,AlK92knQ3JiEj5VTZPLhuEYBwOU=
334,271,9Zl75FCRitIGxS+mAIwiaH/g884=,AlK92knQ3JiEj5VTZPLhuEYBwOU=
332,271,9Zl75FCRitIGxS+mAIwiaH/g884=,AlK92knQ3JiEj5VTZPLhuEYBwOU=
331,271,9Zl75FCRitIGxS+mAIwiaH/g884=,AlK92knQ3JiEj5VTZPLhuEYBwOU=
329,271,9Zl75FCRitIGxS+mAIwiaH/g884=,AlK92knQ3JiEj5VTZPLhuEYBwOU=
330,271,9Zl75FCRitIGxS+mAIwiaH/g884=,AlK92knQ3JiEj5VTZPLhuEYBwOU=
327,271,9Zl75FCRitIGxS+mAIwiaH/g884=,AlK92knQ3JiEj5VTZPLhuEYBwOU=
333,271,9Zl75FCRitIGxS+mAIwiaH/g884=,AlK92knQ3JiEj5VTZPLhuEYBwOU=
328,271,9Zl75FCRitIGxS+mAIwiaH/g884=,AlK92knQ3JiEj5VTZPLhuEYBwOU=
326,271,9Zl75FCRitIGxS+mAIwiaH/g884=,AlK92knQ3JiEj5VTZPLhuEYBwOU=
333,258,9Zl75FCRitIGxS+mAIwiaH/g884=,AlK92knQ3JiEj5VTZPLhuEYBwOU=
325,271,9Zl75FCRitIGxS+mAIwiaH/g884=,AlK92knQ3JiEj5VTZPLhuEYBwOU=
324,271,9Zl75FCRitIGxS+mAIwiaH/g884=,AlK92knQ3JiEj5VTZPLhuEYBwOU=
323,271,9Zl75FCRitIGxS+mAIwiaH/g884=,AlK92knQ3JiEj5VTZPLhuEYBwOU=
322,271,9Zl75FCRitIGxS+mAIwiaH/g884=,AlK92knQ3JiEj5VTZPLhuEYBwOU=
335,257,9Zl75FCRitIGxS+mAIwiaH/g884=,AlK92knQ3JiEj5VTZPLhuEYBwOU=
321,271,9Zl75FCRitIGxS+mAIwiaH/g884=,AlK92knQ3JiEj5VTZPLhuEYBwOU=
321,257,9Zl75FCRitIGxS+mAIwiaH/g884=,AlK92knQ3JiEj5VTZPLhuEYBwOU=
323,256,9Zl75FCRitIGxS+mAIwiaH/g884=,AlK92knQ3JiEj5VTZPLhuEYBwOU=
320,271,9Zl75FCRitIGxS+mAIwiaH/g884=,AlK92knQ3JiEj5VTZPLhuEYBwOU=
333,257,9Zl75FCRitIGxS+mAIwiaH/g884=,AlK92knQ3JiEj5VTZPLhuEYBwOU=
334,257,9Zl75FCRitIGxS+mAIwiaH/g884=,AlK92knQ3JiEj5VTZPLhuEYBwOU=
334,258,9Zl75FCRitIGxS+mAIwiaH/g884=,AlK92knQ3JiEj5VTZPLhuEYBwOU=
335,270,9Zl75FCRitIGxS+mAIwiaH/g884=,AlK92knQ3JiEj5VTZPLhuEYBwOU=
335,258,9Zl75FCRitIGxS+mAIwiaH/g884=,AlK92knQ3JiEj5VTZPLhuEYBwOU=
320,259,9Zl75FCRitIGxS+mAIwiaH/g884=,AlK92knQ3JiEj5VTZPLhuEYBwOU=
321,259,9Zl75FCRitIGxS+mAIwiaH/g884=,AlK92knQ3JiEj5VTZPLhuEYBwOU=
322,259,9Zl75FCRitIGxS+mAIwiaH/g884=,AlK92knQ3JiEj5VTZPLhuEYBwOU=
320,258,9Zl75FCRitIGxS+mAIwiaH/g884=,AlK92knQ3JiEj5VTZPLhuEYBwOU=
324,257,9Zl75FCRitIGxS+mAIwiaH/g884=,AlK92knQ3JiEj5VTZPLhuEYBwOU=
332,257,9Zl75FCRitIGxS+mAIwiaH/g884=,AlK92knQ3JiEj5VTZPLhuEYBwOU=
322,257,9Zl75FCRitIGxS+mAIwiaH/g884=,AlK92knQ3JiEj5VTZPLhuEYBwOU=
334,270,9Zl75FCRitIGxS+mAIwiaH/g884=,AlK92knQ3JiEj5VTZPLhuEYBwOU=
322,256,9Zl75FCRitIGxS+mAIwiaH/g884=,AlK92knQ3JiEj5VTZPLhuEYBwOU=
332,258,9Zl75FCRitIGxS+mAIwiaH/g884=,AlK92knQ3JiEj5VTZPLhuEYBwOU=
323,257,9Zl75FCRitIGxS+mAIwiaH/g884=,AlK92knQ3JiEj5VTZPLhuEYBwOU=
333,270,9Zl75FCRitIGxS+mAIwiaH/g884=,AlK92knQ3JiEj5VTZPLhuEYBwOU=
332,270,9Zl75FCRitIGxS+mAIwiaH/g884=,AlK92knQ3JiEj5VTZPLhuEYBwOU=
331,270,9Zl75FCRitIGxS+mAIwiaH/g884=,AlK92knQ3JiEj5VTZPLhuEYBwOU=
330,270,9Zl75FCRitIGxS+mAIwiaH/g884=,AlK92knQ3JiEj5VTZPLhuEYBwOU=
328,270,9Zl75FCRitIGxS+mAIwiaH/g884=,AlK92knQ3JiEj5VTZPLhuEYBwOU=
329,270,9Zl75FCRitIGxS+mAIwiaH/g884=,AlK92knQ3JiEj5VTZPLhuEYBwOU=
326,270,9Zl75FCRitIGxS+mAIwiaH/g884=,AlK92knQ3JiEj5VTZPLhuEYBwOU=
327,270,9Zl75FCRitIGxS+mAIwiaH/g884=,AlK92knQ3JiEj5VTZPLhuEYBwOU=
325,270,9Zl75FCRitIGxS+mAIwiaH/g884=,AlK92knQ3JiEj5VTZPLhuEYBwOU=
324,270,9Zl75FCRitIGxS+mAIwiaH/g884=,AlK92knQ3JiEj5VTZPLhuEYBwOU=
322,270,9Zl75FCRitIGxS+mAIwiaH/g884=,AlK92knQ3JiEj5VTZPLhuEYBwOU=
321,270,9Zl75FCRitIGxS+mAIwiaH/g884=,AlK92knQ3JiEj5VTZPLhuEYBwOU=
323,270,9Zl75FCRitIGxS+mAIwiaH/g884=,AlK92knQ3JiEj5VTZPLhuEYBwOU=
320,270,9Zl75FCRitIGxS+mAIwiaH/g884=,AlK92knQ3JiEj5VTZPLhuEYBwOU=
334,269,9Zl75FCRitIGxS+mAIwiaH/g884=,AlK92knQ3JiEj5VTZPLhuEYBwOU=
335,269,9Zl75FCRitIGxS+mAIwiaH/g884=,AlK92knQ3JiEj5VTZPLhuEYBwOU=
333,269,9Zl75FCRitIGxS+mAIwiaH/g884=,AlK92knQ3JiEj5VTZPLhuEYBwOU=
320,257,9Zl75FCRitIGxS+mAIwiaH/g884=,AlK92knQ3JiEj5VTZPLhuEYBwOU=
335,256,9Zl75FCRitIGxS+mAIwiaH/g884=,AlK92knQ3JiEj5VTZPLhuEYBwOU=
332,269,9Zl75FCRitIGxS+mAIwiaH/g884=,AlK92knQ3JiEj5VTZPLhuEYBwOU=
331,269,9Zl75FCRitIGxS+mAIwiaH/g884=,AlK92knQ3JiEj5VTZPLhuEYBwOU=
330,269,9Zl75FCRitIGxS+mAIwiaH/g884=,AlK92knQ3JiEj5VTZPLhuEYBwOU=
328,269,9Zl75FCRitIGxS+mAIwiaH/g884=,AlK92knQ3JiEj5VTZPLhuEYBwOU=
329,269,9Zl75FCRitIGxS+mAIwiaH/g884=,AlK92knQ3JiEj5VTZPLhuEYBwOU=
327,269,9Zl75FCRitIGxS+mAIwiaH/g884=,AlK92knQ3JiEj5VTZPLhuEYBwOU=
326,269,9Zl75FCRitIGxS+mAIwiaH/g884=,AlK92knQ3JiEj5VTZPLhuEYBwOU=
325,269,9Zl75FCRitIGxS+mAIwiaH/g884=,AlK92knQ3JiEj5VTZPLhuEYBwOU=
324,269,9Zl75FCRitIGxS+mAIwiaH/g884=,AlK92knQ3JiEj5VTZPLhuEYBwOU=
323,269,9Zl75FCRitIGxS+mAIwiaH/g884=,AlK92knQ3JiEj5VTZPLhuEYBwOU=
322,269,9Zl75FCRitIGxS+mAIwiaH/g884=,AlK92knQ3JiEj5VTZPLhuEYBwOU=
321,269,9Zl75FCRitIGxS+mAIwiaH/g884=,AlK92knQ3JiEj5VTZPLhuEYBwOU=
321,256,9Zl75FCRitIGxS+mAIwiaH/g884=,AlK92knQ3JiEj5VTZPLhuEYBwOU=
320,269,9Zl75FCRitIGxS+mAIwiaH/g884=,AlK92knQ3JiEj5VTZPLhuEYBwOU=
335,268,9Zl75FCRitIGxS+mAIwiaH/g884=,AlK92knQ3JiEj5VTZPLhuEYBwOU=
334,268,9Zl75FCRitIGxS+mAIwiaH/g884=,AlK92knQ3JiEj5VTZPLhuEYBwOU=
333,268,9Zl75FCRitIGxS+mAIwiaH/g884=,AlK92knQ3JiEj5VTZPLhuEYBwOU=
334,256,9Zl75FCRitIGxS+mAIwiaH/g884=,AlK92knQ3JiEj5VTZPLhuEYBwOU=
332,268,9Zl75FCRitIGxS+mAIwiaH/g884=,AlK92knQ3JiEj5VTZPLhuEYBwOU=
331,257,9Zl75FCRitIGxS+mAIwiaH/g884=,AlK92knQ3JiEj5VTZPLhuEYBwOU=
331,268,9Zl75FCRitIGxS+mAIwiaH/g884=,AlK92knQ3JiEj5VTZPLhuEYBwOU=
330,268,9Zl75FCRitIGxS+mAIwiaH/g884=,AlK92knQ3JiEj5VTZPLhuEYBwOU=
329,268,9Zl75FCRitIGxS+mAIwiaH/g884=,AlK92knQ3JiEj5VTZPLhuEYBwOU=
328,268,9Zl75FCRitIGxS+mAIwiaH/g884=,AlK92knQ3JiEj5VTZPLhuEYBwOU=
327,268,9Zl75FCRitIGxS+mAIwiaH/g884=,AlK92knQ3JiEj5VTZPLhuEYBwOU=
326,268,9Zl75FCRitIGxS+mAIwiaH/g884=,AlK92knQ3JiEj5VTZPLhuEYBwOU=
325,268,9Zl75FCRitIGxS+mAIwiaH/g884=,AlK92knQ3JiEj5VTZPLhuEYBwOU=
324,268,9Zl75FCRitIGxS+mAIwiaH/g884=,AlK92knQ3JiEj5VTZPLhuEYBwOU=
322,268,9Zl75FCRitIGxS+mAIwiaH/g884=,AlK92knQ3JiEj5VTZPLhuEYBwOU=
321,268,9Zl75FCRitIGxS+mAIwiaH/g884=,AlK92knQ3JiEj5VTZPLhuEYBwOU=
323,268,9Zl75FCRitIGxS+mAIwiaH/g884=,AlK92knQ3JiEj5VTZPLhuEYBwOU=
320,268,9Zl75FCRitIGxS+mAIwiaH/g884=,AlK92knQ3JiEj5VTZPLhuEYBwOU=
334,267,9Zl75FCRitIGxS+mAIwiaH/g884=,AlK92knQ3JiEj5VTZPLhuEYBwOU=
333,267,9Zl75FCRitIGxS+mAIwiaH/g884=,AlK92knQ3JiEj5VTZPLhuEYBwOU=
335,267,9Zl75FCRitIGxS+mAIwiaH/g884=,AlK92knQ3JiEj5VTZPLhuEYBwOU=
332,267,9Zl75FCRitIGxS+mAIwiaH/g884=,AlK92knQ3JiEj5VTZPLhuEYBwOU=
333,256,9Zl75FCRitIGxS+mAIwiaH/g884=,AlK92knQ3JiEj5VTZPLhuEYBwOU=
331,267,9Zl75FCRitIGxS+mAIwiaH/g884=,AlK92knQ3JiEj5VTZPLhuEYBwOU=
327,257,9Zl75FCRitIGxS+mAIwiaH/g884=,AlK92knQ3JiEj5VTZPLhuEYBwOU=
330,267,9Zl75FCRitIGxS+mAIwiaH/g884=,AlK92knQ3JiEj5VTZPLhuEYBwOU=
328,267,9Zl75FCRitIGxS+mAIwiaH/g884=,AlK92knQ3JiEj5VTZPLhuEYBwOU=
329,267,9Zl75FCRitIGxS+mAIwiaH/g884=,AlK92knQ3JiEj5VTZPLhuEYBwOU=
327,267,9Zl75FCRitIGxS+mAIwiaH/g884=,AlK92knQ3JiEj5VTZPLhuEYBwOU=
325,267,9Zl75FCRitIGxS+mAIwiaH/g884=,AlK92knQ3JiEj5VTZPLhuEYBwOU=
324,267,9Zl75FCRitIGxS+mAIwiaH/g884=,AlK92knQ3JiEj5VTZPLhuEYBwOU=
326,267,9Zl75FCRitIGxS+mAIwiaH/g884=,AlK92knQ3JiEj5VTZPLhuEYBwOU=
323,267,9Zl75FCRitIGxS+mAIwiaH/g884=,AlK92knQ3JiEj5VTZPLhuEYBwOU=
321,267,9Zl75FCRitIGxS+mAIwiaH/g884=,AlK92knQ3JiEj5VTZPLhuEYBwOU=
320,267,9Zl75FCRitIGxS+mAIwiaH/g884=,AlK92knQ3JiEj5VTZPLhuEYBwOU=
322,267,9Zl75FCRitIGxS+mAIwiaH/g884=,AlK92knQ3JiEj5VTZPLhuEYBwOU=
335,266,9Zl75FCRitIGxS+mAIwiaH/g884=,AlK92knQ3JiEj5VTZPLhuEYBwOU=
334,266,9Zl75FCRitIGxS+mAIwiaH/g884=,AlK92knQ3JiEj5VTZPLhuEYBwOU=
333,266,9Zl75FCRitIGxS+mAIwiaH/g884=,AlK92knQ3JiEj5VTZPLhuEYBwOU=
332,266,9Zl75FCRitIGxS+mAIwiaH/g884=,AlK92knQ3JiEj5VTZPLhuEYBwOU=
331,266,9Zl75FCRitIGxS+mAIwiaH/g884=,AlK92knQ3JiEj5VTZPLhuEYBwOU=
328,257,9Zl75FCRitIGxS+mAIwiaH/g884=,AlK92knQ3JiEj5VTZPLhuEYBwOU=
330,257,9Zl75FCRitIGxS+mAIwiaH/g884=,AlK92knQ3JiEj5VTZPLhuEYBwOU=
325,257,9Zl75FCRitIGxS+mAIwiaH/g884=,AlK92knQ3JiEj5VTZPLhuEYBwOU=
330,266,9Zl75FCRitIGxS+mAIwiaH/g884=,AlK92knQ3JiEj5VTZPLhuEYBwOU=
329,257,9Zl75FCRitIGxS+mAIwiaH/g884=,AlK92knQ3JiEj5VTZPLhuEYBwOU=
327,266,9Zl75FCRitIGxS+mAIwiaH/g884=,AlK92knQ3JiEj5VTZPLhuEYBwOU=
326,266,9Zl75FCRitIGxS+mAIwiaH/g884=,AlK92knQ3JiEj5VTZPLhuEYBwOU=
325,266,9Zl75FCRitIGxS+mAIwiaH/g884=,AlK92knQ3JiEj5VTZPLhuEYBwOU=
324,266,9Zl75FCRitIGxS+mAIwiaH/g884=,AlK92knQ3JiEj5VTZPLhuEYBwOU=
323,266,9Zl75FCRitIGxS+mAIwiaH/g884=,AlK92knQ3JiEj5VTZPLhuEYBwOU=
322,266,9Zl75FCRitIGxS+mAIwiaH/g884=,AlK92knQ3JiEj5VTZPLhuEYBwOU=
321,266,9Zl75FCRitIGxS+mAIwiaH/g884=,AlK92knQ3JiEj5VTZPLhuEYBwOU=
320,266,9Zl75FCRitIGxS+mAIwiaH/g884=,AlK92knQ3JiEj5VTZPLhuEYBwOU=
335,265,9Zl75FCRitIGxS+mAIwiaH/g884=,AlK92knQ3JiEj5VTZPLhuEYBwOU=
334,265,9Zl75FCRitIGxS+mAIwiaH/g884=,AlK92knQ3JiEj5VTZPLhuEYBwOU=
333,265,9Zl75FCRitIGxS+mAIwiaH/g884=,AlK92knQ3JiEj5VTZPLhuEYBwOU=
332,265,9Zl75FCRitIGxS+mAIwiaH/g884=,AlK92knQ3JiEj5VTZPLhuEYBwOU=
331,265,9Zl75FCRitIGxS+mAIwiaH/g884=,AlK92knQ3JiEj5VTZPLhuEYBwOU=
326,257,9Zl75FCRitIGxS+mAIwiaH/g884=,AlK92knQ3JiEj5VTZPLhuEYBwOU=
323,259,9Zl75FCRitIGxS+mAIwiaH/g884=,AlK92knQ3JiEj5VTZPLhuEYBwOU=
324,256,9Zl75FCRitIGxS+mAIwiaH/g884=,AlK92knQ3JiEj5VTZPLhuEYBwOU=
329,266,9Zl75FCRitIGxS+mAIwiaH/g884=,AlK92knQ3JiEj5VTZPLhuEYBwOU=
331,258,9Zl75FCRitIGxS+mAIwiaH/g884=,AlK92knQ3JiEj5VTZPLhuEYBwOU=
328,266,9Zl75FCRitIGxS+mAIwiaH/g884=,AlK92knQ3JiEj5VTZPLhuEYBwOU=
330,265,9Zl75FCRitIGxS+mAIwiaH/g884=,AlK92knQ3JiEj5VTZPLhuEYBwOU=
329,258,9Zl75FCRitIGxS+mAIwiaH/g884=,AlK92knQ3JiEj5VTZPLhuEYBwOU=
325,265,9Zl75FCRitIGxS+mAIwiaH/g884=,AlK92knQ3JiEj5VTZPLhuEYBwOU=
329,265,9Zl75FCRitIGxS+mAIwiaH/g884=,AlK92knQ3JiEj5VTZPLhuEYBwOU=
324,265,9Zl75FCRitIGxS+mAIwiaH/g884=,AlK92knQ3JiEj5VTZPLhuEYBwOU=
323,265,9Zl75FCRitIGxS+mAIwiaH/g884=,AlK92knQ3JiEj5VTZPLhuEYBwOU=
322,265,9Zl75FCRitIGxS+mAIwiaH/g884=,AlK92knQ3JiEj5VTZPLhuEYBwOU=
321,265,9Zl75FCRitIGxS+mAIwiaH/g884=,AlK92knQ3JiEj5VTZPLhuEYBwOU=
320,265,9Zl75FCRitIGxS+mAIwiaH/g884=,AlK92knQ3JiEj5VTZPLhuEYBwOU=
335,264,9Zl75FCRitIGxS+mAIwiaH/g884=,AlK92knQ3JiEj5VTZPLhuEYBwOU=
333,264,9Zl75FCRitIGxS+mAIwiaH/g884=,AlK92knQ3JiEj5VTZPLhuEYBwOU=
332,264,9Zl75FCRitIGxS+mAIwiaH/g884=,AlK92knQ3JiEj5VTZPLhuEYBwOU=
332,256,9Zl75FCRitIGxS+mAIwiaH/g884=,AlK92knQ3JiEj5VTZPLhuEYBwOU=
330,258,9Zl75FCRitIGxS+mAIwiaH/g884=,AlK92knQ3JiEj5VTZPLhuEYBwOU=
326,265,9Zl75FCRitIGxS+mAIwiaH/g884=,AlK92knQ3JiEj5VTZPLhuEYBwOU=
334,264,9Zl75FCRitIGxS+mAIwiaH/g884=,AlK92knQ3JiEj5VTZPLhuEYBwOU=
328,258,9Zl75FCRitIGxS+mAIwiaH/g884=,AlK92knQ3JiEj5VTZPLhuEYBwOU=
324,259,9Zl75FCRitIGxS+mAIwiaH/g884=,AlK92knQ3JiEj5VTZPLhuEYBwOU=
327,265,9Zl75FCRitIGxS+mAIwiaH/g884=,AlK92knQ3JiEj5VTZPLhuEYBwOU=
331,264,9Zl75FCRitIGxS+mAIwiaH/g884=,AlK92knQ3JiEj5VTZPLhuEYBwOU=
328,265,9Zl75FCRitIGxS+mAIwiaH/g884=,AlK92knQ3JiEj5VTZPLhuEYBwOU=
329,264,9Zl75FCRitIGxS+mAIwiaH/g884=,AlK92knQ3JiEj5VTZPLhuEYBwOU=
330,264,9Zl75FCRitIGxS+mAIwiaH/g884=,AlK92knQ3JiEj5VTZPLhuEYBwOU=
323,264,9Zl75FCRitIGxS+mAIwiaH/g884=,AlK92knQ3JiEj5VTZPLhuEYBwOU=
322,264,9Zl75FCRitIGxS+mAIwiaH/g884=,AlK92knQ3JiEj5VTZPLhuEYBwOU=
321,264,9Zl75FCRitIGxS+mAIwiaH/g884=,AlK92knQ3JiEj5VTZPLhuEYBwOU=
320,264,9Zl75FCRitIGxS+mAIwiaH/g884=,AlK92knQ3JiEj5VTZPLhuEYBwOU=
335,263,9Zl75FCRitIGxS+mAIwiaH/g884=,AlK92knQ3JiEj5VTZPLhuEYBwOU=
334,263,9Zl75FCRitIGxS+mAIwiaH/g884=,AlK92knQ3JiEj5VTZPLhuEYBwOU=
333,263,9Zl75FCRitIGxS+mAIwiaH/g884=,AlK92knQ3JiEj5VTZPLhuEYBwOU=
332,263,9Zl75FCRitIGxS+mAIwiaH/g884=,AlK92knQ3JiEj5VTZPLhuEYBwOU=
331,263,9Zl75FCRitIGxS+mAIwiaH/g884=,AlK92knQ3JiEj5VTZPLhuEYBwOU=
327,258,9Zl75FCRitIGxS+mAIwiaH/g884=,AlK92knQ3JiEj5VTZPLhuEYBwOU=
330,256,9Zl75FCRitIGxS+mAIwiaH/g884=,AlK92knQ3JiEj5VTZPLhuEYBwOU=
328,264,9Zl75FCRitIGxS+mAIwiaH/g884=,AlK92knQ3JiEj5VTZPLhuEYBwOU=
326,264,9Zl75FCRitIGxS+mAIwiaH/g884=,AlK92knQ3JiEj5VTZPLhuEYBwOU=
326,258,9Zl75FCRitIGxS+mAIwiaH/g884=,AlK92knQ3JiEj5VTZPLhuEYBwOU=
324,264,9Zl75FCRitIGxS+mAIwiaH/g884=,AlK92knQ3JiEj5VTZPLhuEYBwOU=
325,264,9Zl75FCRitIGxS+mAIwiaH/g884=,AlK92knQ3JiEj5VTZPLhuEYBwOU=
330,263,9Zl75FCRitIGxS+mAIwiaH/g884=,AlK92knQ3JiEj5VTZPLhuEYBwOU=
329,263,9Zl75FCRitIGxS+mAIwiaH/g884=,AlK92knQ3JiEj5VTZPLhuEYBwOU=
329,256,9Zl75FCRitIGxS+mAIwiaH/g884=,AlK92knQ3JiEj5VTZPLhuEYBwOU=
328,263,9Zl75FCRitIGxS+mAIwiaH/g884=,AlK92knQ3JiEj5VTZPLhuEYBwOU=
321,263,9Zl75FCRitIGxS+mAIwiaH/g884=,AlK92knQ3JiEj5VTZPLhuEYBwOU=
327,263,9Zl75FCRitIGxS+mAIwiaH/g884=,AlK92knQ3JiEj5VTZPLhuEYBwOU=
335,262,9Zl75FCRitIGxS+mAIwiaH/g884=,AlK92knQ3JiEj5VTZPLhuEYBwOU=
334,262,9Zl75FCRitIGxS+mAIwiaH/g884=,AlK92knQ3JiEj5VTZPLhuEYBwOU=
333,262,9Zl75FCRitIGxS+mAIwiaH/g884=,AlK92knQ3JiEj5VTZPLhuEYBwOU=
332,262,9Zl75FCRitIGxS+mAIwiaH/g884=,AlK92knQ3JiEj5VTZPLhuEYBwOU=
327,264,9Zl75FCRitIGxS+mAIwiaH/g884=,AlK92knQ3JiEj5VTZPLhuEYBwOU=
331,262,9Zl75FCRitIGxS+mAIwiaH/g884=,AlK92knQ3JiEj5VTZPLhuEYBwOU=
325,258,9Zl75FCRitIGxS+mAIwiaH/g884=,AlK92knQ3JiEj5VTZPLhuEYBwOU=
322,263,9Zl75FCRitIGxS+mAIwiaH/g884=,AlK92knQ3JiEj5VTZPLhuEYBwOU=
320,263,9Zl75FCRitIGxS+mAIwiaH/g884=,AlK92knQ3JiEj5VTZPLhuEYBwOU=
330,262,9Zl75FCRitIGxS+mAIwiaH/g884=,AlK92knQ3JiEj5VTZPLhuEYBwOU=
326,263,9Zl75FCRitIGxS+mAIwiaH/g884=,AlK92knQ3JiEj5VTZPLhuEYBwOU=
325,263,9Zl75FCRitIGxS+mAIwiaH/g884=,AlK92knQ3JiEj5VTZPLhuEYBwOU=
331,256,9Zl75FCRitIGxS+mAIwiaH/g884=,AlK92knQ3JiEj5VTZPLhuEYBwOU=
323,263,9Zl75FCRitIGxS+mAIwiaH/g884=,AlK92knQ3JiEj5VTZPLhuEYBwOU=
324,263,9Zl75FCRitIGxS+mAIwiaH/g884=,AlK92knQ3JiEj5VTZPLhuEYBwOU=
328,262,9Zl75FCRitIGxS+mAIwiaH/g884=,AlK92knQ3JiEj5VTZPLhuEYBwOU=
320,262,9Zl75FCRitIGxS+mAIwiaH/g884=,AlK92knQ3JiEj5VTZPLhuEYBwOU=
327,262,9Zl75FCRitIGxS+mAIwiaH/g884=,AlK92knQ3JiEj5VTZPLhuEYBwOU=
335,261,9Zl75FCRitIGxS+mAIwiaH/g884=,AlK92knQ3JiEj5VTZPLhuEYBwOU=
334,261,9Zl75FCRitIGxS+mAIwiaH/g884=,AlK92knQ3JiEj5VTZPLhuEYBwOU=
333,261,9Zl75FCRitIGxS+mAIwiaH/g884=,AlK92knQ3JiEj5VTZPLhuEYBwOU=
332,261,9Zl75FCRitIGxS+mAIwiaH/g884=,AlK92knQ3JiEj5VTZPLhuEYBwOU=
331,261,9Zl75FCRitIGxS+mAIwiaH/g884=,AlK92knQ3JiEj5VTZPLhuEYBwOU=
329,262,9Zl75FCRitIGxS+mAIwiaH/g884=,AlK92knQ3JiEj5VTZPLhuEYBwOU=
325,262,9Zl75FCRitIGxS+mAIwiaH/g884=,AlK92knQ3JiEj5VTZPLhuEYBwOU=
326,262,9Zl75FCRitIGxS+mAIwiaH/g884=,AlK92knQ3JiEj5VTZPLhuEYBwOU=
328,256,9Zl75FCRitIGxS+mAIwiaH/g884=,AlK92knQ3JiEj5VTZPLhuEYBwOU=
321,262,9Zl75FCRitIGxS+mAIwiaH/g884=,AlK92knQ3JiEj5VTZPLhuEYBwOU=
322,262,9Zl75FCRitIGxS+mAIwiaH/g884=,AlK92knQ3JiEj5VTZPLhuEYBwOU=
324,258,9Zl75FCRitIGxS+mAIwiaH/g884=,AlK92knQ3JiEj5VTZPLhuEYBwOU=
323,262,9Zl75FCRitIGxS+mAIwiaH/g884=,AlK92knQ3JiEj5VTZPLhuEYBwOU=
324,262,9Zl75FCRitIGxS+mAIwiaH/g884=,AlK92knQ3JiEj5VTZPLhuEYBwOU=
325,261,9Zl75FCRitIGxS+mAIwiaH/g884=,AlK92knQ3JiEj5VTZPLhuEYBwOU=
330,261,9Zl75FCRitIGxS+mAIwiaH/g884=,AlK92knQ3JiEj5VTZPLhuEYBwOU=
326,261,9Zl75FCRitIGxS+mAIwiaH/g884=,AlK92knQ3JiEj5VTZPLhuEYBwOU=
327,261,9Zl75FCRitIGxS+mAIwiaH/g884=,AlK92knQ3JiEj5VTZPLhuEYBwOU=
335,260,9Zl75FCRitIGxS+mAIwiaH/g884=,AlK92knQ3JiEj5VTZPLhuEYBwOU=
329,261,9Zl75FCRitIGxS+mAIwiaH/g884=,AlK92knQ3JiEj5VTZPLhuEYBwOU=
334,260,9Zl75FCRitIGxS+mAIwiaH/g884=,AlK92knQ3JiEj5VTZPLhuEYBwOU=
333,260,9Zl75FCRitIGxS+mAIwiaH/g884=,AlK92knQ3JiEj5VTZPLhuEYBwOU=
332,260,9Zl75FCRitIGxS+mAIwiaH/g884=,AlK92knQ3JiEj5VTZPLhuEYBwOU=
328,261,9Zl75FCRitIGxS+mAIwiaH/g884=,AlK92knQ3JiEj5VTZPLhuEYBwOU=
324,261,9Zl75FCRitIGxS+mAIwiaH/g884=,AlK92knQ3JiEj5VTZPLhuEYBwOU=
327,256,9Zl75FCRitIGxS+mAIwiaH/g884=,AlK92knQ3JiEj5VTZPLhuEYBwOU=
321,261,9Zl75FCRitIGxS+mAIwiaH/g884=,AlK92knQ3JiEj5VTZPLhuEYBwOU=
323,258,9Zl75FCRitIGxS+mAIwiaH/g884=,AlK92knQ3JiEj5VTZPLhuEYBwOU=
323,261,9Zl75FCRitIGxS+mAIwiaH/g884=,AlK92knQ3JiEj5VTZPLhuEYBwOU=
331,260,9Zl75FCRitIGxS+mAIwiaH/g884=,AlK92knQ3JiEj5VTZPLhuEYBwOU=
322,261,9Zl75FCRitIGxS+mAIwiaH/g884=,AlK92knQ3JiEj5VTZPLhuEYBwOU=
320,261,9Zl75FCRitIGxS+mAIwiaH/g884=,AlK92knQ3JiEj5VTZPLhuEYBwOU=
325,259,9Zl75FCRitIGxS+mAIwiaH/g884=,AlK92knQ3JiEj5VTZPLhuEYBwOU=
325,256,9Zl75FCRitIGxS+mAIwiaH/g884=,AlK92knQ3JiEj5VTZPLhuEYBwOU=
326,256,9Zl75FCRitIGxS+mAIwiaH/g884=,AlK92knQ3JiEj5VTZPLhuEYBwOU=
320,256,9Zl75FCRitIGxS+mAIwiaH/g884=,AlK92knQ3JiEj5VTZPLhuEYBwOU=
322,258,9Zl75FCRitIGxS+mAIwiaH/g884=,AlK92knQ3JiEj5VTZPLhuEYBwOU=
321,260,9Zl75FCRitIGxS+mAIwiaH/g884=,AlK92knQ3JiEj5VTZPLhuEYBwOU=
326,260,9Zl75FCRitIGxS+mAIwiaH/g884=,AlK92knQ3JiEj5VTZPLhuEYBwOU=
335,259,9Zl75FCRitIGxS+mAIwiaH/g884=,AlK92knQ3JiEj5VTZPLhuEYBwOU=
321,258,9Zl75FCRitIGxS+mAIwiaH/g884=,AlK92knQ3JiEj5VTZPLhuEYBwOU=
334,259,9Zl75FCRitIGxS+mAIwiaH/g884=,AlK92knQ3JiEj5VTZPLhuEYBwOU=
333,259,9Zl75FCRitIGxS+mAIwiaH/g884=,AlK92knQ3JiEj5VTZPLhuEYBwOU=
332,259,9Zl75FCRitIGxS+mAIwiaH/g884=,AlK92knQ3JiEj5VTZPLhuEYBwOU=
330,260,9Zl75FCRitIGxS+mAIwiaH/g884=,AlK92knQ3JiEj5VTZPLhuEYBwOU=
327,260,9Zl75FCRitIGxS+mAIwiaH/g884=,AlK92knQ3JiEj5VTZPLhuEYBwOU=
328,260,9Zl75FCRitIGxS+mAIwiaH/g884=,AlK92knQ3JiEj5VTZPLhuEYBwOU=
325,260,9Zl75FCRitIGxS+mAIwiaH/g884=,AlK92knQ3JiEj5VTZPLhuEYBwOU=
329,260,9Zl75FCRitIGxS+mAIwiaH/g884=,AlK92knQ3JiEj5VTZPLhuEYBwOU=
320,260,9Zl75FCRitIGxS+mAIwiaH/g884=,AlK92knQ3JiEj5VTZPLhuEYBwOU=
324,260,9Zl75FCRitIGxS+mAIwiaH/g884=,AlK92knQ3JiEj5VTZPLhuEYBwOU=
326,259,9Zl75FCRitIGxS+mAIwiaH/g884=,AlK92knQ3JiEj5VTZPLhuEYBwOU=
322,260,9Zl75FCRitIGxS+mAIwiaH/g884=,AlK92knQ3JiEj5VTZPLhuEYBwOU=
323,260,9Zl75FCRitIGxS+mAIwiaH/g884=,AlK92knQ3JiEj5VTZPLhuEYBwOU=
330,259,9Zl75FCRitIGxS+mAIwiaH/g884=,AlK92knQ3JiEj5VTZPLhuEYBwOU=
328,259,9Zl75FCRitIGxS+mAIwiaH/g884=,AlK92knQ3JiEj5VTZPLhuEYBwOU=
329,259,9Zl75FCRitIGxS+mAIwiaH/g884=,AlK92knQ3JiEj5VTZPLhuEYBwOU=
331,259,9Zl75FCRitIGxS+mAIwiaH/g884=,AlK92knQ3JiEj5VTZPLhuEYBwOU=
327,259,9Zl75FCRitIGxS+mAIwiaH/g884=,AlK92knQ3JiEj5VTZPLhuEYBwOU=
